  70.000000 6.357189 1.239528
  70.000000 6.371960 1.242318
  70.000000 6.386745 1.245109
  70.000000 6.401538 1.247900
  70.000000 6.416346 1.250692
  70.000000 6.431154 1.253482
  70.000000 6.445970 1.256273
  70.000000 6.460799 1.259064
  70.000000 6.475524 1.261855
  70.000000 6.490217 1.264647
  70.000000 6.504913 1.267438
  70.000000 6.519609 1.270229
  70.000000 6.534314 1.273020
  70.000000 6.549026 1.275811
  70.000000 6.563739 1.278602
  70.000000 6.578459 1.281393
  70.000000 6.593185 1.284184
  70.000000 6.607918 1.286975
  70.000000 6.622656 1.289766
  70.000000 6.637394 1.292557
  70.000000 6.652143 1.295348
  70.000000 6.666898 1.298139
  70.000000 6.681657 1.300930
  70.000000 6.696421 1.303721
  70.000000 6.711196 1.306512
  70.000000 6.725974 1.309303
  70.000000 6.740756 1.312094
  70.000000 6.755548 1.314885
  70.000000 6.770343 1.317676
  70.000000 6.785148 1.320467
  70.000000 6.799954 1.323258
  70.000000 6.814770 1.326049
  70.000000 6.829595 1.328840
  70.000000 6.844428 1.331632
  70.000000 6.859263 1.334422
  70.000000 6.874105 1.337213
  70.000000 6.888963 1.340005
  70.000000 6.903820 1.342796
  70.000000 6.918685 1.345587
  70.000000 6.933557 1.348377
  70.000000 6.948436 1.351168
  70.000000 6.963329 1.353959
  70.000000 6.978228 1.356751
  70.000000 6.993133 1.359542
  70.000000 7.008044 1.362332
  70.000000 7.022968 1.365124
  70.000000 7.037897 1.367915
  70.000000 7.052832 1.370705
  70.000000 7.067787 1.373497
  70.000000 7.082738 1.376288
  70.000000 7.097702 1.379078
  70.000000 7.112678 1.381870
  70.000000 7.127666 1.384661
  70.000000 7.142658 1.387452
  70.000000 7.157643 1.390243
  70.000000 7.172537 1.393034
  70.000000 7.187431 1.395824
  70.000000 7.202341 1.398616
  70.000000 7.217251 1.401406
  70.000000 7.232176 1.404198
  70.000000 7.247100 1.406989
  70.000000 7.262040 1.409780
  70.000000 7.276986 1.412572
  70.000000 7.291930 1.415362
  70.000000 7.306889 1.418153
  70.000000 7.321862 1.420945
  70.000000 7.336833 1.423735
  70.000000 7.351818 1.426526
  70.000000 7.366808 1.429317
  70.000000 7.381812 1.432109
  70.000000 7.396821 1.434900
  70.000000 7.411834 1.437690
  70.000000 7.426861 1.440482
  70.000000 7.441892 1.443272
  70.000000 7.456936 1.446063
  70.000000 7.471992 1.448854
  70.000000 7.487052 1.451645
  70.000000 7.502124 1.454436
  70.000000 7.517209 1.457227
  70.000000 7.532305 1.460019
  70.000000 7.547404 1.462810
  70.000000 7.562515 1.465601
  70.000000 7.577637 1.468392
  70.000000 7.592771 1.471183
  70.000000 7.607907 1.473973
  70.000000 7.623063 1.476764
  70.000000 7.638230 1.479556
  70.000000 7.653408 1.482347
  70.000000 7.668596 1.485139
  70.000000 7.683795 1.487930
  70.000000 7.699005 1.490721
  70.000000 7.714225 1.493511
  70.000000 7.729455 1.496301
  70.000000 7.744705 1.499093
  70.000000 7.759964 1.501884
  70.000000 7.775234 1.504675
  70.000000 7.790523 1.507466
  70.000000 7.805789 1.510257
  70.000000 7.820896 1.513048
  70.000000 7.836017 1.515839
  70.000000 7.851142 1.518630
  70.000000 7.866281 1.521421
  70.000000 7.881425 1.524212
  70.000000 7.896582 1.527004
  70.000000 7.911743 1.529794
  70.000000 7.926917 1.532585
  70.000000 7.942104 1.535377
  70.000000 7.957295 1.538167
  70.000000 7.972498 1.540959
  70.000000 7.987714 1.543750
  70.000000 8.002934 1.546540
  70.000000 8.018165 1.549331
  70.000000 8.033408 1.552122
  70.000000 8.048665 1.554914
  70.000000 8.063933 1.557705
  70.000000 8.079203 1.560495
  70.000000 8.094495 1.563287
  70.000000 8.109789 1.566077
  70.000000 8.125105 1.568869
  70.000000 8.140422 1.571660
  70.000000 8.155760 1.574452
  70.000000 8.171100 1.577242
  70.000000 8.186462 1.580034
  70.000000 8.201824 1.582823
  70.000000 8.217207 1.585615
  70.000000 8.232602 1.588406
  70.000000 8.248008 1.591197
  70.000000 8.263436 1.593989
  70.000000 8.278862 1.596779
  70.000000 8.294311 1.599571
  70.000000 8.309771 1.602361
  70.000000 8.325241 1.605152
  70.000000 8.340732 1.607943
  70.000000 8.356234 1.610734
  70.000000 8.371757 1.613526
  70.000000 8.387291 1.616317
  70.000000 8.402835 1.619108
  70.000000 8.418400 1.621899
  70.000000 8.433976 1.624690
  70.000000 8.449573 1.627482
  70.000000 8.465180 1.630272
  70.000000 8.480809 1.633064
  70.000000 8.496448 1.635854
  70.000000 8.512109 1.638645
  70.000000 8.527628 1.641435
  70.000000 8.543061 1.644226
  70.000000 8.558510 1.647017
  70.000000 8.573975 1.649809
  70.000000 8.589443 1.652600
  70.000000 8.604926 1.655391
  70.000000 8.620424 1.658183
  70.000000 8.635926 1.660973
  70.000000 8.651443 1.663764
  70.000000 8.666975 1.666555
  70.000000 8.682522 1.669346
  70.000000 8.698084 1.672138
  70.000000 8.713648 1.674928
  70.000000 8.729240 1.677720
  70.000000 8.744834 1.680510
  70.000000 8.760443 1.683300
  70.000000 8.776079 1.686093
  70.000000 8.791717 1.688884
  70.000000 8.807370 1.691674
  70.000000 8.823037 1.694465
  70.000000 8.838719 1.697255
  70.000000 8.854427 1.700048
  70.000000 8.870137 1.702838
  70.000000 8.885862 1.705628
  70.000000 8.901614 1.708420
  70.000000 8.917380 1.711212
  70.000000 8.933161 1.714004
  70.000000 8.948944 1.716792
  70.000000 8.964766 1.719585
  70.000000 8.980590 1.722376
  70.000000 8.996442 1.725168
  70.000000 9.012295 1.727957
  70.000000 9.028188 1.730750
  70.000000 9.044083 1.733540
  70.000000 9.060005 1.736332
  70.000000 9.075929 1.739121
  70.000000 9.091894 1.741914
  70.000000 9.107860 1.744703
  70.000000 9.123854 1.747494
  70.000000 9.139876 1.750287
  70.000000 9.155913 1.753078
  70.000000 9.171966 1.755869
  70.000000 9.188033 1.758658
  70.000000 9.203977 1.761449
  70.000000 9.219842 1.764241
  70.000000 9.235716 1.767032
  70.000000 9.251600 1.769822
  70.000000 9.267508 1.772613
  70.000000 9.283437 1.775405
  70.000000 9.299375 1.778196
  70.000000 9.315338 1.780988
  70.000000 9.331309 1.783778
  70.000000 9.347302 1.786570
  70.000000 9.363305 1.789360
  70.000000 9.379332 1.792150
  70.000000 9.395381 1.794942
  70.000000 9.411452 1.797735
  70.000000 9.427533 1.800526
  70.000000 9.443626 1.803315
  70.000000 9.459753 1.806107
  70.000000 9.475890 1.808898
  70.000000 9.492053 1.811689
  70.000000 9.508237 1.814481
  70.000000 9.524431 1.817271
  70.000000 9.540649 1.820061
  70.000000 9.556892 1.822852
  70.000000 9.573158 1.825643
  70.000000 9.589447 1.828435
  70.000000 9.605749 1.831225
  70.000000 9.622087 1.834018
  70.000000 9.638436 1.836808
  70.000000 9.654809 1.839599
  70.000000 9.671210 1.842390
  70.000000 9.687633 1.845181
  70.000000 9.704082 1.847973
  70.000000 9.720541 1.850762
  70.000000 9.737043 1.853554
  70.000000 9.753569 1.856345
  70.000000 9.770120 1.859137
  70.000000 9.786686 1.861927
  70.000000 9.803290 1.864719
  70.000000 9.819921 1.867510
  70.000000 9.836564 1.870299
  70.000000 9.853251 1.873091
  70.000000 9.869964 1.875883
  70.000000 9.886704 1.878674
  70.000000 9.903286 1.881465
  70.000000 9.919768 1.884256
  70.000000 9.936271 1.887046
  70.000000 9.952809 1.889839
  70.000000 9.969355 1.892629
  70.000000 9.985935 1.895421
  70.000000 10.002520 1.898209
  70.000000 10.019142 1.901001
  70.000000 10.035803 1.903794
  70.000000 10.052467 1.906584
  70.000000 10.069153 1.909373
  70.000000 10.085875 1.912165
  70.000000 10.102619 1.914956
  70.000000 10.119404 1.917749
  70.000000 10.136193 1.920539
  70.000000 10.153019 1.923330
  70.000000 10.169867 1.926121
  70.000000 10.186742 1.928911
  70.000000 10.203651 1.931703
  70.000000 10.220584 1.934494
  70.000000 10.237540 1.937284
  70.000000 10.254539 1.940076
  70.000000 10.271558 1.942866
  70.000000 10.288616 1.945659
  70.000000 10.305683 1.948448
  70.000000 10.322807 1.951241
  70.000000 10.339942 1.954031
  70.000000 10.357115 1.956822
  70.000000 10.374330 1.959615
  70.000000 10.391553 1.962403
  70.000000 10.408839 1.965196
  70.000000 10.426147 1.967988
  70.000000 10.443481 1.970778
  70.000000 10.460842 1.973567
  70.000000 10.478267 1.976361
  70.000000 10.495699 1.979150
  70.000000 10.513174 1.981940
  70.000000 10.530695 1.984732
  70.000000 10.548248 1.987522
  70.000000 10.565842 1.990314
  70.000000 10.583483 1.993107
  70.000000 10.601135 1.995895
  70.000000 10.618852 1.998688
  70.000000 10.636603 2.001479
  70.000000 10.654398 2.004271
  70.000000 10.672224 2.007062
  70.000000 10.690089 2.009853
  70.000000 10.707766 2.012643
  70.000000 10.725487 2.015434
  70.000000 10.743253 2.018225
  70.000000 10.761046 2.021015
  70.000000 10.778885 2.023806
  70.000000 10.796769 2.026598
  70.000000 10.814682 2.029388
  70.000000 10.832642 2.032179
  70.000000 10.850649 2.034970
  70.000000 10.868703 2.037763
  70.000000 10.886788 2.040554
  70.000000 10.904924 2.043345
  70.000000 10.923106 2.046137
  70.000000 10.941320 2.048927
  70.000000 10.959585 2.051717
  70.000000 10.977900 2.054508
  70.000000 10.996267 2.057300
  70.000000 11.014667 2.060090
  70.000000 11.033119 2.062880
  70.000000 11.051643 2.065674
  70.000000 11.070183 2.068462
  70.000000 11.088796 2.071254
  70.000000 11.107464 2.074047
  70.000000 11.126168 2.076837
  70.000000 11.144929 2.079627
  70.000000 11.163746 2.082418
  70.000000 11.182621 2.085209
  70.000000 11.201553 2.088001
  70.000000 11.220545 2.090793
  70.000000 11.239576 2.093582
  70.000000 11.258686 2.096375
  70.000000 11.277839 2.099165
  70.000000 11.297053 2.101955
  70.000000 11.316329 2.104746
  70.000000 11.335668 2.107536
  70.000000 11.355090 2.110331
  70.000000 11.374558 2.113122
  70.000000 11.394071 2.115909
  70.000000 11.413670 2.118701
  70.000000 11.433335 2.121492
  70.000000 11.453068 2.124284
  70.000000 11.472870 2.127076
  70.000000 11.492688 2.129867
  70.000000 11.511583 2.132659
  70.000000 11.530499 2.135447
  70.000000 11.549478 2.138238
  70.000000 11.568498 2.141030
  70.000000 11.587560 2.143821
  70.000000 11.606662 2.146612
  70.000000 11.625807 2.149404
  70.000000 11.644993 2.152194
  70.000000 11.664221 2.154985
  70.000000 11.683491 2.157775
  70.000000 11.702823 2.160569
  70.000000 11.722176 2.163359
  70.000000 11.741572 2.166148
  70.000000 11.761028 2.168941
  70.000000 11.780526 2.171733
  70.000000 11.800046 2.174522
  70.000000 11.819626 2.177313
  70.000000 11.839247 2.180104
  70.000000 11.858910 2.182895
  70.000000 11.878634 2.185688
  70.000000 11.898377 2.188478
  70.000000 11.918181 2.191270
  70.000000 11.938003 2.194058
  70.000000 11.957886 2.196850
  70.000000 11.977807 2.199640
  70.000000 11.997787 2.202434
  70.000000 12.017784 2.205223
  70.000000 12.037839 2.208016
  70.000000 12.057931 2.210807
  70.000000 12.078059 2.213598
  70.000000 12.098220 2.216387
  70.000000 12.118439 2.219180
  70.000000 12.138689 2.221972
  70.000000 12.158971 2.224763
  70.000000 12.179286 2.227553
  70.000000 12.199629 2.230342
  70.000000 12.220024 2.233134
  70.000000 12.240445 2.235925
  70.000000 12.260893 2.238715
  70.000000 12.281388 2.241507
  70.000000 12.301904 2.244299
  70.000000 12.322441 2.247089
  70.000000 12.343021 2.249883
  70.000000 12.363594 2.252670
  70.000000 12.384205 2.255461
  70.000000 12.404851 2.258255
  70.000000 12.425105 2.261043
  70.000000 12.444992 2.263838
  70.000000 12.464847 2.266627
  70.000000 12.484709 2.269419
  70.000000 12.504557 2.272210
  70.000000 12.524388 2.274999
  70.000000 12.544218 2.277791
  70.000000 12.564024 2.280582
  70.000000 12.583827 2.283375
  70.000000 12.603573 2.286162
  70.000000 12.623328 2.288956
  70.000000 12.643025 2.291744
  70.000000 12.662699 2.294535
  70.000000 12.682348 2.297328
  70.000000 12.701948 2.300120
  70.000000 12.721490 2.302910
  70.000000 12.740994 2.305702
  70.000000 12.760432 2.308493
  70.000000 12.779798 2.311281
  70.000000 12.799111 2.314072
  70.000000 12.818364 2.316866
  70.000000 12.837530 2.319657
  70.000000 12.856601 2.322447
  70.000000 12.875593 2.325239
  70.000000 12.894481 2.328029
  70.000000 12.913278 2.330821
  70.000000 12.931954 2.333611
  70.000000 12.950523 2.336404
  70.000000 12.968958 2.339194
  70.000000 12.987274 2.341987
  70.000000 13.005436 2.344777
  70.000000 13.023440 2.347565
  70.000000 13.041324 2.350360
  70.000000 13.059004 2.353148
  70.000000 13.076524 2.355938
  70.000000 13.093873 2.358730
  70.000000 13.111018 2.361520
  70.000000 13.127969 2.364312
  70.000000 13.144698 2.367102
  70.000000 13.161219 2.369894
  70.000000 13.177515 2.372687
  70.000000 13.193558 2.375479
  70.000000 13.209336 2.378267
  70.000000 13.221671 2.381058
  70.000000 13.230351 2.383851
  70.000000 13.238638 2.386641
  70.000000 13.246556 2.389433
  70.000000 13.254075 2.392222
  70.000000 13.261231 2.395013
  70.000000 13.268022 2.397806
  70.000000 13.274427 2.400596
  70.000000 13.280472 2.403388
  70.000000 13.286142 2.406177
  70.000000 13.291466 2.408969
  70.000000 13.296447 2.411761
  70.000000 13.301074 2.414551
  70.000000 13.305375 2.417343
  70.000000 13.309332 2.420132
  70.000000 13.313012 2.422927
  70.000000 13.316344 2.425714
  70.000000 13.319416 2.428508
  70.000000 13.322185 2.431299
  70.000000 13.324696 2.434091
  70.000000 13.326932 2.436880
  70.000000 13.328927 2.439671
  70.000000 13.330704 2.442463
  70.000000 13.332246 2.445252
  70.000000 13.333593 2.448043
  70.000000 13.334763 2.450835
  70.000000 13.335743 2.453624
  70.000000 13.336602 2.456419
  70.000000 13.337274 2.459206
  70.000000 13.337859 2.461999
  70.000000 13.338317 2.464789
  70.000000 13.338689 2.467581
  70.000000 13.338998 2.470373
  70.000000 13.339228 2.473162
  70.000000 13.339420 2.475953
  70.000000 13.339596 2.478745
  70.000000 13.339772 2.481538
  70.000000 13.339933 2.484327
  70.000000 13.340120 2.487118
  70.000000 13.340354 2.489910
  70.000000 13.340623 2.492698
  70.000000 13.340988 2.495493
  70.000000 13.341418 2.498284
  70.000000 13.345342 2.501076
  70.000000 13.352708 2.503864
  70.000000 13.360164 2.506653
  70.000000 13.367743 2.509449
  70.000000 13.375363 2.512235
  70.000000 13.383097 2.515028
  70.000000 13.390928 2.517822
  70.000000 13.398821 2.520611
  70.000000 13.406809 2.523402
  70.000000 13.414890 2.526194
  70.000000 13.423033 2.528982
  70.000000 13.431298 2.531775
  70.000000 13.439628 2.534565
  70.000000 13.448048 2.537356
  70.000000 13.456562 2.540147
  70.000000 13.465166 2.542940
  70.000000 13.473835 2.545728
  70.000000 13.482625 2.548522
  70.000000 13.491476 2.551312
  70.000000 13.500419 2.554103
  70.000000 13.509452 2.556895
  70.000000 13.518575 2.559687
  70.000000 13.527762 2.562475
  70.000000 13.537065 2.565269
  70.000000 13.546433 2.568059
  70.000000 13.555890 2.570849
  70.000000 13.565435 2.573640
  70.000000 13.575071 2.576432
  70.000000 13.584797 2.579224
  70.000000 13.594584 2.582012
  70.000000 13.604488 2.584806
  70.000000 13.614451 2.587595
  70.000000 13.624504 2.590384
  70.000000 13.634675 2.593180
  70.000000 13.644903 2.595971
  70.000000 13.655222 2.598762
  70.000000 13.665599 2.601549
  70.000000 13.676093 2.604341
  70.000000 13.686676 2.607134
  70.000000 13.697317 2.609922
  70.000000 13.708076 2.612716
  70.000000 13.718895 2.615505
  70.000000 13.729799 2.618294
  70.000000 13.740821 2.621090
  70.000000 13.751901 2.623880
  70.000000 13.763069 2.626670
  70.000000 13.774325 2.629461
  70.000000 13.788746 2.632252
  70.000000 13.803422 2.635044
  70.000000 13.818119 2.637836
  70.000000 13.832808 2.640623
  70.000000 13.847547 2.643415
  70.000000 13.862309 2.646208
  70.000000 13.877092 2.649001
  70.000000 13.891868 2.651788
  70.000000 13.906695 2.654582
  70.000000 13.921517 2.657370
  70.000000 13.936391 2.660163
  70.000000 13.951259 2.662952
  70.000000 13.966181 2.665746
  70.000000 13.981097 2.668534
  70.000000 13.996068 2.671328
  70.000000 14.011033 2.674117
  70.000000 14.026025 2.676906
  70.000000 14.041072 2.679700
  70.000000 14.056115 2.682489
  70.000000 14.071215 2.685283
  70.000000 14.086312 2.688072
  70.000000 14.101436 2.690861
  70.000000 14.116620 2.693655
  70.000000 14.131800 2.696444
  70.000000 14.147042 2.699238
  70.000000 14.162282 2.702026
  70.000000 14.177582 2.704820
  70.000000 14.192883 2.707608
  70.000000 14.208244 2.710402
  70.000000 14.223608 2.713190
  70.000000 14.239034 2.715983
  70.000000 14.254495 2.718777
  70.000000 14.269957 2.721564
  70.000000 14.285485 2.724357
  70.000000 14.301048 2.727149
  70.000000 14.316616 2.729935
  70.000000 14.332251 2.732727
  70.000000 14.347924 2.735519
  70.000000 14.363635 2.738310
  70.000000 14.379384 2.741101
  70.000000 14.395174 2.743891
  70.000000 14.411002 2.746682
  70.000000 14.426905 2.749477
  70.000000 14.442298 2.752267
  70.000000 14.457688 2.755055
  70.000000 14.473141 2.757850
  70.000000 14.488589 2.760638
  70.000000 14.504103 2.763431
  70.000000 14.519649 2.766224
  70.000000 14.535192 2.769011
  70.000000 14.550801 2.771802
  70.000000 14.566442 2.774594
  70.000000 14.582117 2.777384
  70.000000 14.597826 2.780175
  70.000000 14.613601 2.782970
  70.000000 14.629378 2.785759
  70.000000 14.645190 2.788547
  70.000000 14.661070 2.791341
  70.000000 14.676986 2.794134
  70.000000 14.692907 2.796920
  70.000000 14.708898 2.799712
  70.000000 14.724927 2.802502
  70.000000 14.741028 2.805299
  70.000000 14.757133 2.808088
  70.000000 14.773280 2.810877
  70.000000 14.789499 2.813671
  70.000000 14.805725 2.816457
  70.000000 14.822028 2.819250
  70.000000 14.838370 2.822041
  70.000000 14.854757 2.824831
  70.000000 14.871185 2.827621
  70.000000 14.887692 2.830416
  70.000000 14.904211 2.833204
  70.000000 14.920807 2.835997
  70.000000 14.937450 2.838789
  70.000000 14.954140 2.841580
  70.000000 14.970876 2.844370
  70.000000 14.987662 2.847159
  70.000000 15.004528 2.849954
  70.000000 15.021410 2.852741
  70.000000 15.038378 2.855533
  70.000000 15.055394 2.858325
  70.000000 15.072462 2.861115
  70.000000 15.089619 2.863910
  70.000000 15.106793 2.866698
  70.000000 15.124056 2.869491
  70.000000 15.141373 2.872283
  70.000000 15.158744 2.875074
  70.000000 15.176174 2.877864
  70.000000 15.193763 2.880652
  70.000000 15.211617 2.883445
  70.000000 15.229515 2.886238
  70.000000 15.247457 2.889029
  70.000000 15.265445 2.891819
  70.000000 15.283478 2.894607
  70.000000 15.301594 2.897401
  70.000000 15.319758 2.900193
  70.000000 15.337968 2.902984
  70.000000 15.356229 2.905773
  70.000000 15.374539 2.908561
  70.000000 15.392933 2.911355
  70.000000 15.411381 2.914147
  70.000000 15.429880 2.916937
  70.000000 15.448430 2.919726
  70.000000 15.467071 2.922520
  70.000000 15.485767 2.925313
  70.000000 15.504514 2.928104
  70.000000 15.523320 2.930894
  70.000000 15.542182 2.933681
  70.000000 15.561137 2.936475
  70.000000 15.580151 2.939266
  70.000000 15.599224 2.942056
  70.000000 15.618356 2.944844
  70.000000 15.637586 2.947638
  70.000000 15.656879 2.950429
  70.000000 15.676232 2.953219
  70.000000 15.695688 2.956015
  70.000000 15.715168 2.958801
  70.000000 15.734754 2.961593
  70.000000 15.754405 2.964383
  70.000000 15.774158 2.967178
  70.000000 15.793945 2.969964
  70.000000 15.813839 2.972756
  70.000000 15.833838 2.975552
  70.000000 15.853873 2.978340
  70.000000 15.874018 2.981133
  70.000000 15.894233 2.983924
  70.000000 15.914525 2.986713
  70.000000 15.934931 2.989507
  70.000000 15.955372 2.992292
  70.000000 15.975970 2.995090
  70.000000 15.996608 2.997878
  70.000000 16.017420 3.000671
  70.000000 16.038409 3.003462
  70.000000 16.059483 3.006252
  70.000000 16.080644 3.009039
  70.000000 16.101931 3.011831
  70.000000 16.123307 3.014621
  70.000000 16.144812 3.017416
  70.000000 16.166370 3.020202
  70.000000 16.188059 3.022993
  70.000000 16.209882 3.025789
  70.000000 16.231762 3.028576
  70.000000 16.253774 3.031367
  70.000000 16.275928 3.034164
  70.000000 16.298141 3.036951
  70.000000 16.320496 3.039743
  70.000000 16.342953 3.042533
  70.000000 16.365555 3.045328
  70.000000 16.388223 3.048113
  70.000000 16.411038 3.050903
  70.000000 16.434002 3.053699
  70.000000 16.457077 3.056492
  70.000000 16.480264 3.059282
  70.000000 16.503566 3.062070
  70.000000 16.527024 3.064863
  70.000000 16.550599 3.067654
  70.000000 16.574294 3.070442
  70.000000 16.598151 3.073235
  70.000000 16.622132 3.076026
  70.000000 16.646237 3.078814
  70.000000 16.670512 3.081607
  70.000000 16.694915 3.084397
  70.000000 16.719491 3.087193
  70.000000 16.744160 3.089978
  70.000000 16.769005 3.092768
  70.000000 16.794030 3.095564
  70.000000 16.819195 3.098356
  70.000000 16.844504 3.101146
  70.000000 16.869956 3.103933
  70.000000 16.895599 3.106726
  70.000000 16.921391 3.109515
  70.000000 16.947378 3.112310
  70.000000 16.973521 3.115101
  70.000000 16.999821 3.117890
  70.000000 17.025637 3.120684
  70.000000 17.050514 3.123475
  70.000000 17.075504 3.126263
  70.000000 17.100652 3.129056
  70.000000 17.125918 3.131846
  70.000000 17.151351 3.134641
  70.000000 17.176857 3.137425
  70.000000 17.202571 3.140222
  70.000000 17.228367 3.143009
  70.000000 17.254334 3.145800
  70.000000 17.280473 3.148596
  70.000000 17.306699 3.151381
  70.000000 17.333146 3.154179
  70.000000 17.359690 3.156966
  70.000000 17.386410 3.159758
  70.000000 17.413270 3.162546
  70.000000 17.440316 3.165340
  70.000000 17.467507 3.168130
  70.000000 17.494845 3.170918
  70.000000 17.522377 3.173710
  70.000000 17.550107 3.176507
  70.000000 17.577946 3.179293
  70.000000 17.605995 3.182083
  70.000000 17.634243 3.184879
  70.000000 17.662653 3.187671
  70.000000 17.691230 3.190460
  70.000000 17.719975 3.193246
  70.000000 17.748984 3.196044
  70.000000 17.778122 3.198831
  70.000000 17.807485 3.201623
  70.000000 17.837037 3.204412
  70.000000 17.866812 3.207206
  70.000000 17.896776 3.209996
  70.000000 17.926978 3.212790
  70.000000 17.957329 3.215573
  70.000000 17.987972 3.218370
  70.000000 18.018819 3.221162
  70.000000 18.049872 3.223952
  70.000000 18.081193 3.226746
  70.000000 18.112719 3.229536
  70.000000 18.144465 3.232323
  70.000000 18.176481 3.235115
  70.000000 18.208726 3.237903
  70.000000 18.241250 3.240696
  70.000000 18.274011 3.243485
  70.000000 18.307063 3.246279
  70.000000 18.340371 3.249069
  70.000000 18.373353 3.251864
  70.000000 18.406438 3.254656
  70.000000 18.439765 3.257443
  70.000000 18.473386 3.260236
  70.000000 18.507259 3.263024
  70.000000 18.541436 3.265818
  70.000000 18.575874 3.268607
  70.000000 18.610628 3.271402
  70.000000 18.645653 3.274192
  70.000000 18.680955 3.276979
  70.000000 18.716590 3.279770
  70.000000 18.752562 3.282566
  70.000000 18.788778 3.285349
  70.000000 18.825395 3.288146
  70.000000 18.862319 3.290939
  70.000000 18.899556 3.293728
  70.000000 18.937162 3.296522
  70.000000 18.975095 3.299311
  70.000000 19.013362 3.302097
  70.000000 19.052019 3.304887
  70.000000 19.091075 3.307682
  70.000000 19.130486 3.310473
  70.000000 19.170261 3.313260
  70.000000 19.210458 3.316051
  70.000000 19.251086 3.318847
  70.000000 19.292102 3.321639
  70.000000 19.333514 3.324427
  70.000000 19.375384 3.327219
  70.000000 19.417668 3.330007
  70.000000 19.460429 3.332800
  70.000000 19.503624 3.335589
  70.000000 19.547315 3.338382
  70.000000 19.591460 3.341171
  70.000000 19.636123 3.343964
  70.000000 19.681262 3.346753
  70.000000 19.726942 3.349547
  70.000000 19.773120 3.352337
  70.000000 19.819863 3.355131
  70.000000 19.867129 3.357921
  70.000000 19.914985 3.360715
  70.000000 19.963390 3.363505
  70.000000 20.012359 3.366290
  70.000000 20.061957 3.369080
  70.000000 20.110195 3.371875
  70.000000 20.158550 3.374665
  70.000000 20.207472 3.377459
  70.000000 20.256961 3.380249
  70.000000 20.307008 3.383035
  70.000000 20.357738 3.385834
  70.000000 20.408999 3.388620
  70.000000 20.460915 3.391410
  70.000000 20.513502 3.394204
  70.000000 20.566718 3.396994
  70.000000 20.620636 3.399789
  70.000000 20.675215 3.402578
  70.000000 20.730471 3.405363
  70.000000 20.786511 3.408162
  70.000000 20.843230 3.410947
  70.000000 20.900737 3.413736
  70.000000 20.959050 3.416530
  70.000000 21.018130 3.419319
  70.000000 21.078057 3.422113
  70.000000 21.138792 3.424901
  70.000000 21.200413 3.427695
  70.000000 21.262886 3.430483
  70.000000 21.326290 3.433276
  70.000000 21.390652 3.436073
  70.000000 21.455842 3.438856
  70.000000 21.522126 3.441653
  70.000000 21.589382 3.444445
  70.000000 21.657633 3.447232
  70.000000 21.726968 3.450023
  70.000000 21.797416 3.452819
  70.000000 21.868943 3.455610
  70.000000 21.941580 3.458396
  70.000000 22.015420 3.461186
  70.000000 22.090492 3.463981
  70.000000 22.166769 3.466770
  70.000000 22.244307 3.469564
  70.000000 22.323158 3.472353
  70.000000 22.403378 3.475146
  70.000000 22.484944 3.477934
  70.000000 22.567958 3.480727
  70.000000 22.652392 3.483514
  70.000000 22.738352 3.486305
  70.000000 22.825882 3.489102
  70.000000 22.914955 3.491892
  70.000000 23.005619 3.494678
  70.000000 23.097981 3.497468
  70.000000 23.193410 3.500262
  70.000000 23.294526 3.503051
  70.000000 23.397813 3.505844
  70.000000 23.503172 3.508632
  70.000000 23.610837 3.511424
  70.000000 23.720771 3.514221
  70.000000 23.833083 3.517012
  70.000000 23.947736 3.519798
  70.000000 24.064981 3.522588
  70.000000 24.184779 3.525383
  70.000000 24.307253 3.528172
  70.000000 24.432427 3.530965
  70.000000 24.560433 3.533753
  70.000000 24.691289 3.536545
  70.000000 24.825203 3.539341
  70.000000 24.962046 3.542132
  70.000000 25.102028 3.544917
  70.000000 25.245152 3.547707
  70.000000 25.391629 3.550500
  70.000000 25.541305 3.553289
  70.000000 25.694459 3.556081
  70.000000 25.850989 3.558878
  70.000000 26.011019 3.561669
  70.000000 26.174416 3.564454
  70.000000 26.341434 3.567244
  70.000000 26.511903 3.570037
  70.000000 26.685893 3.572825
  70.000000 26.863258 3.575618
  70.000000 27.044095 3.578414
  70.000000 27.228031 3.581205
  70.000000 27.415089 3.583990
  70.000000 27.605032 3.586789
  70.000000 27.797544 3.589572
  70.000000 27.992336 3.592370
  70.000000 28.189025 3.595162
  70.000000 28.386906 3.597947
  70.000000 28.585660 3.600737
  70.000000 28.784308 3.603532
  70.000000 28.982155 3.606320
  70.000000 29.177999 3.609112
  70.000000 29.370910 3.611909
  70.000000 29.559158 3.614699
  70.000000 29.741421 3.617484
  70.000000 29.921298 3.620272
  70.000000 30.110859 3.623065
  70.000000 30.295835 3.625862
  70.000000 30.474649 3.628653
  70.000000 30.645788 3.631438
  70.000000 30.807574 3.634238
  70.000000 30.957640 3.637020
  70.000000 31.094180 3.639817
  70.000000 31.214676 3.642609
  70.000000 31.316649 3.645393
  70.000000 31.397727 3.648193
  70.000000 31.455240 3.650975
  70.000000 31.486954 3.653773
  70.000000 31.490611 3.656563
  70.000000 31.464222 3.659348
  70.000000 31.406554 3.662147
  70.000000 31.316743 3.664929
  70.000000 31.194731 3.667727
  70.000000 31.041342 3.670517
  70.000000 30.858576 3.673312
  70.000000 30.648679 3.676100
  70.000000 30.415801 3.678893
  70.000000 30.164204 3.681678
  70.000000 29.899005 3.684468
  70.000000 29.625614 3.687262
  70.000000 29.349112 3.690050
  70.000000 29.074404 3.692842
  70.000000 28.805371 3.695637
  70.000000 28.544746 3.698426
  70.000000 28.294366 3.701220
  70.000000 28.054739 3.704006
  70.000000 27.825693 3.706797
  70.000000 27.606386 3.709592
  70.000000 27.395524 3.712380
  70.000000 27.191936 3.715172
  70.000000 26.994351 3.717968
  70.000000 26.801569 3.720758
  70.000000 26.612718 3.723540
  70.000000 26.427214 3.726338
  70.000000 26.244406 3.729129
  70.000000 26.063989 3.731924
  70.000000 25.885632 3.734711
  70.000000 25.709310 3.737503
  70.000000 25.462899 3.740288
  70.000000 25.050632 3.743078
  70.000000 24.665721 3.745871
  70.000000 24.305663 3.748668
  70.000000 23.968313 3.751459
  70.000000 23.651896 3.754242
  70.000000 23.355045 3.757040
  70.000000 23.076310 3.759832
  70.000000 22.814570 3.762616
  70.000000 22.568971 3.765415
  70.000000 22.338473 3.768196
  70.000000 22.122515 3.770993
  70.000000 21.920323 3.773782
  70.000000 21.731358 3.776575
  70.000000 21.555051 3.779361
  70.000000 21.391037 3.782163
  70.000000 21.238669 3.784945
  70.000000 21.097716 3.787744
  70.000000 20.967609 3.790534
  70.000000 20.847928 3.793318
  70.000000 20.738340 3.796117
  70.000000 20.638275 3.798908
  70.000000 20.547242 3.801692
  70.000000 20.464813 3.804480
  70.000000 20.390476 3.807273
  70.000000 20.323707 3.810069
  70.000000 20.263920 3.812857
  70.000000 20.210650 3.815650
  70.000000 20.163330 3.818435
  70.000000 20.121584 3.821236
  70.000000 20.084749 3.824018
  70.000000 20.052568 3.826815
  70.000000 20.024491 3.829605
  70.000000 20.000191 3.832398
  70.000000 19.979248 3.835184
  70.000000 19.961396 3.837974
  70.000000 19.946330 3.840768
  70.000000 19.933719 3.843554
  70.000000 19.923442 3.846356
  70.000000 19.915093 3.849138
  70.000000 19.908655 3.851937
  70.000000 19.903832 3.854727
  70.000000 19.900461 3.857510
  70.000000 19.898520 3.860308
  70.000000 19.897764 3.863099
  70.000000 19.898135 3.865893
  70.000000 19.899470 3.868680
  70.000000 19.910381 3.871470
  70.000000 19.924874 3.874265
  70.000000 19.939178 3.877051
  70.000000 19.953370 3.879842
  70.000000 19.967453 3.882636
  70.000000 19.981377 3.885422
  70.000000 19.995213 3.888213
  70.000000 20.008967 3.891007
  70.000000 20.022583 3.893793
  70.000000 20.036135 3.896583
  70.000000 20.049626 3.899378
  70.000000 20.063062 3.902176
  70.000000 20.076391 3.904966
  70.000000 20.089674 3.907759
  70.000000 20.102858 3.910545
  70.000000 20.116012 3.913335
  70.000000 20.129136 3.916128
  70.000000 20.142172 3.918913
  70.000000 20.155257 3.921715
  70.000000 20.168196 3.924495
  70.000000 20.181186 3.927292
  70.000000 20.194105 3.930081
  70.000000 20.207021 3.932873
  70.000000 20.219932 3.935670
  70.000000 20.232779 3.938458
  70.000000 20.245632 3.941250
  70.000000 20.258424 3.944033
  70.000000 20.271288 3.946833
  70.000000 20.284099 3.949624
  70.000000 20.296855 3.952406
  70.000000 20.309689 3.955206
  70.000000 20.322477 3.957996
  70.000000 20.335213 3.960778
  70.000000 20.348033 3.963576
  70.000000 20.360811 3.966366
  70.000000 20.373607 3.969159
  70.000000 20.386359 3.971944
  70.000000 20.399139 3.974732
  70.000000 20.411939 3.977525
  70.000000 20.424764 3.980321
  70.000000 20.437554 3.983109
  70.000000 20.450367 3.985901
  70.000000 20.463209 3.988696
  70.000000 20.477601 3.991483
  70.000000 20.492544 3.994273
  70.000000 20.507412 3.997067
  70.000000 20.522134 3.999853
  70.000000 20.536853 4.002655
  70.000000 20.551366 4.005435
  70.000000 20.565882 4.008232
  70.000000 20.580263 4.011020
  70.000000 20.594587 4.013812
  70.000000 20.608849 4.016607
  70.000000 20.622993 4.019394
  70.000000 20.637081 4.022184
  70.000000 20.651123 4.024979
  70.000000 20.665049 4.027764
  70.000000 20.678934 4.030553
  70.000000 20.692775 4.033345
  70.000000 20.706581 4.036142
  70.000000 20.720282 4.038930
  70.000000 20.733953 4.041721
  70.000000 20.747592 4.044516
  70.000000 20.761138 4.047302
  70.000000 20.774655 4.050091
  70.000000 20.788154 4.052885
  70.000000 20.801628 4.055682
  70.000000 20.815020 4.058470
  70.000000 20.828393 4.061262
  70.000000 20.841755 4.064058
  70.000000 20.855036 4.066844
  70.000000 20.868306 4.069634
  70.000000 20.881570 4.072427
  70.000000 20.894756 4.075212
  70.000000 20.907941 4.078000
  70.000000 20.921120 4.080791
  70.000000 20.934302 4.083587
  70.000000 20.947411 4.086373
  70.000000 20.960596 4.089176
  70.000000 20.973642 4.091957
  70.000000 20.986766 4.094754
  70.000000 20.999824 4.097542
  70.000000 21.012892 4.100333
  70.000000 21.025967 4.103129
  70.000000 21.038984 4.105914
  70.000000 21.052010 4.108704
  70.000000 21.065051 4.111497
  70.000000 21.078102 4.114294
  70.000000 21.091101 4.117081
  70.000000 21.104390 4.119872
  70.000000 21.119306 4.122666
  70.000000 21.134156 4.125451
  70.000000 21.149017 4.128240
  70.000000 21.163885 4.131032
  70.000000 21.178758 4.133828
  70.000000 21.193572 4.136614
  70.000000 21.208390 4.139404
  70.000000 21.223221 4.142197
  70.000000 21.238060 4.144994
  70.000000 21.252835 4.147782
  70.000000 21.267622 4.150573
  70.000000 21.282416 4.153367
  70.000000 21.297151 4.156152
  70.000000 21.311896 4.158940
  70.000000 21.326649 4.161732
  70.000000 21.341415 4.164528
  70.000000 21.356121 4.167314
  70.000000 21.370906 4.170117
  70.000000 21.385563 4.172896
  70.000000 21.400300 4.175693
  70.000000 21.414980 4.178479
  70.000000 21.429672 4.181269
  70.000000 21.444373 4.184063
  70.000000 21.459090 4.186861
  70.000000 21.473745 4.189648
  70.000000 21.488416 4.192439
  70.000000 21.503101 4.195233
  70.000000 21.517723 4.198018
  70.000000 21.532362 4.200805
  70.000000 21.547012 4.203597
  70.000000 21.561680 4.206392
  70.000000 21.576363 4.209191
  70.000000 21.590984 4.211980
  70.000000 21.605623 4.214772
  70.000000 21.620204 4.217553
  70.000000 21.634872 4.220353
  70.000000 21.649485 4.223141
  70.000000 21.664110 4.225934
  70.000000 21.678681 4.228716
  70.000000 21.693343 4.231516
  70.000000 21.707944 4.234305
  70.000000 21.722566 4.237098
  70.000000 21.737097 4.239880
  70.000000 21.751553 4.242680
  70.000000 21.765952 4.245469
  70.000000 21.780370 4.248262
  70.000000 21.794729 4.251044
  70.000000 21.809180 4.253845
  70.000000 21.823572 4.256634
  70.000000 21.837986 4.259427
  70.000000 21.852339 4.262209
  70.000000 21.866784 4.265010
  70.000000 21.881172 4.267799
  70.000000 21.895580 4.270592
  70.000000 21.909927 4.273374
  70.000000 21.924367 4.276174
  70.000000 21.938749 4.278964
  70.000000 21.953152 4.281757
  70.000000 21.967493 4.284538
  70.000000 21.981929 4.287339
  70.000000 21.996305 4.290128
  70.000000 22.010703 4.292920
  70.000000 22.025038 4.295702
  70.000000 22.039468 4.298502
  70.000000 22.053842 4.301290
  70.000000 22.068231 4.304082
  70.000000 22.082637 4.306878
  70.000000 22.096985 4.309663
  70.000000 22.111354 4.312451
  70.000000 22.125737 4.315243
  70.000000 22.140137 4.318038
  70.000000 22.154480 4.320822
  70.000000 22.168842 4.323610
  70.000000 22.183219 4.326401
  70.000000 22.197615 4.329195
  70.000000 22.212029 4.331994
  70.000000 22.226386 4.334781
  70.000000 22.240757 4.337571
  70.000000 22.255147 4.340365
  70.000000 22.269477 4.343147
  70.000000 22.283906 4.345949
  70.000000 22.298273 4.348738
  70.000000 22.312656 4.351531
  70.000000 22.326983 4.354313
  70.000000 22.341404 4.357113
  70.000000 22.355820 4.359902
  70.000000 22.370541 4.362694
  70.000000 22.385282 4.365489
  70.000000 22.399960 4.368273
  70.000000 22.414661 4.371061
  70.000000 22.429377 4.373852
  70.000000 22.444118 4.376646
  70.000000 22.458875 4.379445
  70.000000 22.473574 4.382231
  70.000000 22.488290 4.385021
  70.000000 22.503030 4.387814
  70.000000 22.517705 4.390595
  70.000000 22.532484 4.393396
  70.000000 22.547199 4.396184
  70.000000 22.561937 4.398976
  70.000000 22.576694 4.401772
  70.000000 22.591387 4.404555
  70.000000 22.606104 4.407342
  70.000000 22.620836 4.410133
  70.000000 22.635592 4.412927
  70.000000 22.650364 4.415725
  70.000000 22.665079 4.418510
  70.000000 22.679809 4.421299
  70.000000 22.694563 4.424091
  70.000000 22.709332 4.426887
  70.000000 22.724045 4.429671
  70.000000 22.738854 4.432474
  70.000000 22.753605 4.435265
  70.000000 22.768295 4.438043
  70.000000 22.783081 4.440841
  70.000000 22.797811 4.443626
  70.000000 22.812556 4.446415
  70.000000 22.827324 4.449207
  70.000000 22.842108 4.452003
  70.000000 22.856916 4.454802
  70.000000 22.871657 4.457589
  70.000000 22.886422 4.460379
  70.000000 22.901203 4.463173
  70.000000 22.915926 4.465955
  70.000000 22.930746 4.468755
  70.000000 22.945508 4.471544
  70.000000 22.960289 4.474335
  70.000000 22.975087 4.477130
  70.000000 22.989825 4.479913
  70.000000 23.004579 4.482699
  70.000000 23.019440 4.485504
  70.000000 23.034150 4.488281
  70.000000 23.048902 4.491078
  70.000000 23.063627 4.493877
  70.000000 23.078292 4.496664
  70.000000 23.092971 4.499455
  70.000000 23.107668 4.502249
  70.000000 23.122300 4.505030
  70.000000 23.137035 4.507831
  70.000000 23.151710 4.510619
  70.000000 23.166397 4.513410
  70.000000 23.181104 4.516205
  70.000000 23.195744 4.518987
  70.000000 23.210408 4.521772
  70.000000 23.225170 4.524577
  70.000000 23.239866 4.527370
  70.000000 23.254496 4.530149
  70.000000 23.269234 4.532948
  70.000000 23.283901 4.535734
  70.000000 23.298586 4.538523
  70.000000 23.313290 4.541316
  70.000000 23.328017 4.544112
  70.000000 23.342673 4.546895
  70.000000 23.357432 4.549698
  70.000000 23.372126 4.552488
  70.000000 23.386755 4.555265
  70.000000 23.401485 4.558061
  70.000000 23.416233 4.560862
  70.000000 23.430914 4.563648
  70.000000 23.445617 4.566439
  70.000000 23.460335 4.569232
  70.000000 23.474985 4.572012
  70.000000 23.489740 4.574813
  70.000000 23.504431 4.577600
  70.000000 23.519137 4.580390
  70.000000 23.533861 4.583184
  70.000000 23.548603 4.585981
  70.000000 23.563282 4.588765
  70.000000 23.577974 4.591552
  70.000000 23.592686 4.594342
  70.000000 23.607415 4.597136
  70.000000 23.622168 4.599933
  70.000000 23.636846 4.602716
  70.000000 23.651544 4.605503
  70.000000 23.666347 4.608311
  70.000000 23.680429 4.611087
  70.000000 23.694241 4.613884
  70.000000 23.707978 4.616667
  70.000000 23.721817 4.619471
  70.000000 23.735581 4.622261
  70.000000 23.749357 4.625054
  70.000000 23.763057 4.627834
  70.000000 23.776860 4.630634
  70.000000 23.790587 4.633420
  70.000000 23.804326 4.636209
  70.000000 23.818079 4.639002
  70.000000 23.831844 4.641798
  70.000000 23.845533 4.644581
  70.000000 23.859325 4.647384
  70.000000 23.873039 4.650173
  70.000000 23.886766 4.652965
  70.000000 23.900416 4.655743
  70.000000 23.914169 4.658542
  70.000000 23.927844 4.661327
  70.000000 23.941532 4.664115
  70.000000 23.955232 4.666906
  70.000000 23.968945 4.669701
  70.000000 23.982670 4.672499
  70.000000 23.996317 4.675283
  70.000000 24.009978 4.678070
  70.000000 24.023649 4.680861
  70.000000 24.037333 4.683655
  70.000000 24.051030 4.686452
  70.000000 24.064648 4.689235
  70.000000 24.078369 4.692038
  70.000000 24.092011 4.694828
  70.000000 24.105665 4.697621
  70.000000 24.119240 4.700399
  70.000000 24.132919 4.703198
  70.000000 24.146518 4.705983
  70.000000 24.160128 4.708771
  70.000000 24.173751 4.711563
  70.000000 24.187386 4.714357
  70.000000 24.201033 4.717156
  70.000000 24.214599 4.719939
  70.000000 24.228176 4.722726
  70.000000 24.241858 4.725534
  70.000000 24.255367 4.728309
  70.000000 24.268980 4.731106
  70.000000 24.282605 4.733906
  70.000000 24.296148 4.736691
  70.000000 24.309675 4.739479
  70.000000 24.322549 4.742271
  70.000000 24.335430 4.745066
  70.000000 24.348226 4.747846
  70.000000 24.361121 4.750648
  70.000000 24.373931 4.753434
  70.000000 24.386747 4.756224
  70.000000 24.399571 4.759018
  70.000000 24.412403 4.761814
  70.000000 24.425147 4.764596
  70.000000 24.437991 4.767399
  70.000000 24.450749 4.770187
  70.000000 24.463513 4.772978
  70.000000 24.476284 4.775772
  70.000000 24.488968 4.778552
  70.000000 24.501752 4.781353
  70.000000 24.514448 4.784139
  70.000000 24.527151 4.786928
  70.000000 24.539860 4.789720
  70.000000 24.552576 4.792516
  70.000000 24.565203 4.795297
  70.000000 24.577931 4.798099
  70.000000 24.590570 4.800886
  70.000000 24.603215 4.803676
  70.000000 24.615866 4.806469
  70.000000 24.628523 4.809266
  70.000000 24.641090 4.812047
  70.000000 24.653662 4.814831
  70.000000 24.666337 4.817638
  70.000000 24.678921 4.820428
  70.000000 24.691415 4.823204
  70.000000 24.704010 4.826001
  70.000000 24.716610 4.828802
  70.000000 24.729120 4.831587
  70.000000 24.741634 4.834375
  70.000000 24.754154 4.837166
  70.000000 24.766680 4.839961
  70.000000 24.779113 4.842740
  70.000000 24.791648 4.845541
  70.000000 24.804092 4.848327
  70.000000 24.816539 4.851115
  70.000000 24.828992 4.853907
  70.000000 24.841449 4.856702
  70.000000 24.853884 4.859500
  70.000000 24.865734 4.862283
  70.000000 24.877588 4.865068
  70.000000 24.889545 4.867876
  70.000000 24.901410 4.870668
  70.000000 24.913182 4.873444
  70.000000 24.925056 4.876243
  70.000000 24.936838 4.879025
  70.000000 24.948723 4.881830
  70.000000 24.960508 4.884619
  70.000000 24.972304 4.887411
  70.000000 24.984105 4.890206
  70.000000 24.995813 4.892985
  70.000000 25.007623 4.895786
  70.000000 25.019340 4.898572
  70.000000 25.031061 4.901360
  70.000000 25.042786 4.904152
  70.000000 25.054516 4.906947
  70.000000 25.066152 4.909726
  70.000000 25.077888 4.912527
  70.000000 25.089533 4.915312
  70.000000 25.101180 4.918100
  70.000000 25.112832 4.920892
  70.000000 25.124489 4.923686
  70.000000 25.136149 4.926484
  70.000000 25.147714 4.929265
  70.000000 25.159383 4.932069
  70.000000 25.170956 4.934857
  70.000000 25.182533 4.937647
  70.000000 25.194114 4.940441
  70.000000 25.205598 4.943219
  70.000000 25.217187 4.946019
  70.000000 25.228679 4.948802
  70.000000 25.240275 4.951609
  70.000000 25.251775 4.954399
  70.000000 25.263177 4.957172
  70.000000 25.274684 4.959968
  70.000000 25.286194 4.962768
  70.000000 25.297607 4.965550
  70.000000 25.309023 4.968336
  70.000000 25.320545 4.971145
  70.000000 25.331968 4.973937
  70.000000 25.343292 4.976712
  70.000000 25.354767 4.979510
  70.000000 25.366889 4.982292
  70.000000 25.379119 4.985096
  70.000000 25.391255 4.987884
  70.000000 25.403396 4.990675
  70.000000 25.415543 4.993469
  70.000000 25.427698 4.996266
  70.000000 25.439755 4.999046
  70.000000 25.451819 5.001829
  70.000000 25.463992 5.004635
  70.000000 25.476068 5.007424
  70.000000 25.488150 5.010217
  70.000000 25.500136 5.012992
  70.000000 25.512230 5.015791
  70.000000 25.524330 5.018593
  70.000000 25.536333 5.021377
  70.000000 25.548341 5.024165
  70.000000 25.560355 5.026956
  70.000000 25.572376 5.029750
  70.000000 25.584401 5.032547
  70.000000 25.596329 5.035326
  70.000000 25.608366 5.038129
  70.000000 25.620305 5.040915
  70.000000 25.632249 5.043704
  70.000000 25.644199 5.046496
  70.000000 25.656154 5.049291
  70.000000 25.668010 5.052069
  70.000000 25.679976 5.054870
  70.000000 25.691842 5.057654
  70.000000 25.703714 5.060441
  70.000000 25.715591 5.063230
  70.000000 25.727473 5.066023
  70.000000 25.739360 5.068819
  70.000000 25.751253 5.071619
  70.000000 25.763044 5.074400
  70.000000 25.774946 5.077205
  70.000000 25.786748 5.079993
  70.000000 25.798555 5.082784
  70.000000 25.810366 5.085577
  70.000000 25.822076 5.088353
  70.000000 25.833897 5.091153
  70.000000 25.845616 5.093935
  70.000000 25.857446 5.096741
  70.000000 25.869176 5.099529
  70.000000 25.880909 5.102320
  70.000000 25.892647 5.105114
  70.000000 25.904283 5.107891
  70.000000 25.916157 5.110691
  70.000000 25.928069 5.113473
  70.000000 25.940095 5.116280
  70.000000 25.952022 5.119068
  70.000000 25.963959 5.121860
  70.000000 25.975795 5.124633
  70.000000 25.987746 5.127430
  70.000000 25.999705 5.130231
  70.000000 26.011566 5.133013
  70.000000 26.023433 5.135799
  70.000000 26.035415 5.138608
  70.000000 26.047298 5.141400
  70.000000 26.059081 5.144173
  70.000000 26.070979 5.146971
  70.000000 26.082885 5.149771
  70.000000 26.094690 5.152553
  70.000000 26.106503 5.155339
  70.000000 26.118323 5.158127
  70.000000 26.130152 5.160918
  70.000000 26.141988 5.163712
  70.000000 26.153832 5.166510
  70.000000 26.165682 5.169310
  70.000000 26.177432 5.172092
  70.000000 26.189189 5.174876
  70.000000 26.200953 5.177664
  70.000000 26.212725 5.180455
  70.000000 26.224504 5.183249
  70.000000 26.236292 5.186046
  70.000000 26.248085 5.188845
  70.000000 26.259776 5.191627
  70.000000 26.271475 5.194411
  70.000000 26.283291 5.197220
  70.000000 26.295005 5.200010
  70.000000 26.306725 5.202803
  70.000000 26.318343 5.205577
  70.000000 26.330077 5.208376
  70.000000 26.341709 5.211156
  70.000000 26.353459 5.213961
  70.000000 26.365105 5.216748
  70.000000 26.376757 5.219537
  70.000000 26.388417 5.222329
  70.000000 26.400085 5.225124
  70.000000 26.411759 5.227922
  70.000000 26.423822 5.230701
  70.000000 26.436396 5.233483
  70.000000 26.449089 5.236290
  70.000000 26.461680 5.239078
  70.000000 26.474280 5.241869
  70.000000 26.486890 5.244663
  70.000000 26.499396 5.247438
  70.000000 26.512023 5.250237
  70.000000 26.524659 5.253040
  70.000000 26.537193 5.255824
  70.000000 26.549734 5.258610
  70.000000 26.562284 5.261400
  70.000000 26.574844 5.264192
  70.000000 26.587412 5.266987
  70.000000 26.599988 5.269786
  70.000000 26.612461 5.272565
  70.000000 26.625055 5.275369
  70.000000 26.637545 5.278154
  70.000000 26.650044 5.280941
  70.000000 26.662551 5.283732
  70.000000 26.675066 5.286526
  70.000000 26.687591 5.289322
  70.000000 26.700010 5.292099
  70.000000 26.712551 5.294902
  70.000000 26.724986 5.297685
  70.000000 26.737431 5.300470
  70.000000 26.749883 5.303259
  70.000000 26.762343 5.306051
  70.000000 26.774811 5.308845
  70.000000 26.787290 5.311643
  70.000000 26.799775 5.314443
  70.000000 26.812153 5.317224
  70.000000 26.824541 5.320007
  70.000000 26.837052 5.322816
  70.000000 26.849455 5.325606
  70.000000 26.861867 5.328398
  70.000000 26.874171 5.331170
  70.000000 26.886598 5.333968
  70.000000 26.899034 5.336770
  70.000000 26.911362 5.339551
  70.000000 26.923698 5.342334
  70.000000 26.936158 5.345144
  70.000000 26.948509 5.347934
  70.000000 26.960868 5.350727
  70.000000 26.973120 5.353499
  70.000000 26.985494 5.356298
  70.000000 26.997876 5.359099
  70.000000 27.009131 5.361880
  70.000000 27.020312 5.364664
  70.000000 27.031616 5.367474
  70.000000 27.042813 5.370264
  70.000000 27.053902 5.373034
  70.000000 27.065116 5.375829
  70.000000 27.076337 5.378628
  70.000000 27.087567 5.381429
  70.000000 27.098688 5.384210
  70.000000 27.109817 5.386994
  70.000000 27.120955 5.389781
  70.000000 27.132103 5.392571
  70.000000 27.143257 5.395363
  70.000000 27.154419 5.398159
  70.000000 27.165591 5.400957
  70.000000 27.176652 5.403735
  70.000000 27.187840 5.406539
  70.000000 27.198918 5.409322
  70.000000 27.210006 5.412109
  70.000000 27.221219 5.414921
  70.000000 27.232203 5.417690
  70.000000 27.243314 5.420485
  70.000000 27.254434 5.423282
  70.000000 27.265562 5.426083
  70.000000 27.276579 5.428863
  70.000000 27.287606 5.431646
  70.000000 27.298759 5.434455
  70.000000 27.309801 5.437243
  70.000000 27.320851 5.440035
  70.000000 27.331911 5.442829
  70.000000 27.342857 5.445602
  70.000000 27.353935 5.448402
  70.000000 27.365018 5.451204
  70.000000 27.375990 5.453986
  70.000000 27.386970 5.456771
  70.000000 27.397959 5.459558
  70.000000 27.408956 5.462348
  70.000000 27.419960 5.465141
  70.000000 27.430976 5.467937
  70.000000 27.441998 5.470736
  70.000000 27.452907 5.473513
  70.000000 27.463945 5.476318
  70.000000 27.474871 5.479101
  70.000000 27.486774 5.481887
  70.000000 27.498753 5.484675
  70.000000 27.510740 5.487467
  70.000000 27.522733 5.490261
  70.000000 27.534736 5.493059
  70.000000 27.546744 5.495859
  70.000000 27.558639 5.498638
  70.000000 27.570662 5.501443
  70.000000 27.582573 5.504228
  70.000000 27.594488 5.507015
  70.000000 27.606413 5.509805
  70.000000 27.618343 5.512597
  70.000000 27.630283 5.515393
  70.000000 27.642104 5.518167
  70.000000 27.654059 5.520968
  70.000000 27.666018 5.523772
  70.000000 27.677864 5.526555
  70.000000 27.689714 5.529340
  70.000000 27.701573 5.532128
  70.000000 27.713438 5.534918
  70.000000 27.725312 5.537712
  70.000000 27.737191 5.540508
  70.000000 27.749079 5.543307
  70.000000 27.760848 5.546085
  70.000000 27.772750 5.548889
  70.000000 27.784532 5.551672
  70.000000 27.796324 5.554458
  70.000000 27.808121 5.557246
  70.000000 27.819927 5.560037
  70.000000 27.831736 5.562831
  70.000000 27.843556 5.565628
  70.000000 27.855379 5.568428
  70.000000 27.867086 5.571205
  70.000000 27.878924 5.574010
  70.000000 27.890646 5.576793
  70.000000 27.902371 5.579579
  70.000000 27.914106 5.582368
  70.000000 27.925844 5.585159
  70.000000 27.937592 5.587953
  70.000000 27.949345 5.590750
  70.000000 27.960980 5.593525
  70.000000 27.972745 5.596327
  70.000000 27.984390 5.599107
  70.000000 27.995672 5.601915
  70.000000 28.006803 5.604701
  70.000000 28.017941 5.607489
  70.000000 28.029086 5.610280
  70.000000 28.040238 5.613074
  70.000000 28.051393 5.615871
  70.000000 28.062431 5.618645
  70.000000 28.073602 5.621447
  70.000000 28.084648 5.624227
  70.000000 28.095830 5.627035
  70.000000 28.106893 5.629820
  70.000000 28.117957 5.632608
  70.000000 28.129031 5.635398
  70.000000 28.140112 5.638191
  70.000000 28.151195 5.640988
  70.000000 28.162287 5.643786
  70.000000 28.173258 5.646562
  70.000000 28.184360 5.649367
  70.000000 28.195342 5.652148
  70.000000 28.206333 5.654933
  70.000000 28.217327 5.657719
  70.000000 28.228324 5.660509
  70.000000 28.239332 5.663302
  70.000000 28.250344 5.666097
  70.000000 28.261359 5.668895
  70.000000 28.272385 5.671695
  70.000000 28.283286 5.674473
  70.000000 28.294320 5.677279
  70.000000 28.305234 5.680062
  70.000000 28.316153 5.682848
  70.000000 28.327075 5.685636
  70.000000 28.338008 5.688428
  70.000000 28.348945 5.691222
  70.000000 28.359888 5.694018
  70.000000 28.370834 5.696818
  70.000000 28.381658 5.699594
  70.000000 28.392619 5.702399
  70.000000 28.403452 5.705180
  70.000000 28.414294 5.707964
  70.000000 28.425141 5.710751
  70.000000 28.435992 5.713541
  70.000000 28.446851 5.716333
  70.000000 28.457716 5.719128
  70.000000 28.468585 5.721926
  70.000000 28.479462 5.724726
  70.000000 28.490213 5.727503
  70.000000 28.501108 5.730309
  70.000000 28.511894 5.733091
  70.000000 28.522683 5.735876
  70.000000 28.533478 5.738664
  70.000000 28.544277 5.741454
  70.000000 28.555083 5.744247
  70.000000 28.565899 5.747043
  70.000000 28.576716 5.749841
  70.000000 28.587404 5.752616
  70.000000 28.598233 5.755420
  70.000000 28.608938 5.758200
  70.000000 28.619775 5.761009
  70.000000 28.630487 5.763794
  70.000000 28.641205 5.766582
  70.000000 28.651927 5.769373
  70.000000 28.662658 5.772167
  70.000000 28.673392 5.774963
  70.000000 28.683997 5.777735
  70.000000 28.694741 5.780536
  70.000000 28.705361 5.783313
  70.000000 28.716116 5.786120
  70.000000 28.726742 5.788903
  70.000000 28.737373 5.791688
  70.000000 28.748144 5.794503
  70.000000 28.758791 5.797294
  70.000000 28.769305 5.800060
  70.000000 28.779957 5.802856
  70.000000 28.790615 5.805655
  70.000000 28.801284 5.808457
  70.000000 28.811816 5.811234
  70.000000 28.822490 5.814040
  70.000000 28.833036 5.816823
  70.000000 28.843585 5.819608
  70.000000 28.854143 5.822395
  70.000000 28.864703 5.825185
  70.000000 28.875269 5.827978
  70.000000 28.885839 5.830774
  70.000000 28.896418 5.833572
  70.000000 28.906863 5.836346
  70.000000 28.917449 5.839150
  70.000000 28.927903 5.841928
  70.000000 28.938500 5.844737
  70.000000 28.948970 5.847522
  70.000000 28.959265 5.850308
  70.000000 28.969289 5.853098
  70.000000 28.979319 5.855890
  70.000000 28.989348 5.858685
  70.000000 28.999380 5.861482
  70.000000 29.009278 5.864255
  70.000000 29.019315 5.867057
  70.000000 29.029223 5.869835
  70.000000 29.039268 5.872643
  70.000000 29.049175 5.875426
  70.000000 29.059087 5.878212
  70.000000 29.069001 5.881000
  70.000000 29.078918 5.883791
  70.000000 29.088843 5.886584
  70.000000 29.098766 5.889381
  70.000000 29.108691 5.892179
  70.000000 29.118619 5.894981
  70.000000 29.128412 5.897757
  70.000000 29.138351 5.900564
  70.000000 29.148149 5.903345
  70.000000 29.157950 5.906129
  70.000000 29.167753 5.908916
  70.000000 29.177558 5.911705
  70.000000 29.187372 5.914497
  70.000000 29.197184 5.917292
  70.000000 29.206997 5.920089
  70.000000 29.216814 5.922889
  70.000000 29.226494 5.925663
  70.000000 29.236320 5.928468
  70.000000 29.246005 5.931247
  70.000000 29.255693 5.934029
  70.000000 29.265522 5.936842
  70.000000 29.275215 5.939630
  70.000000 29.284910 5.942420
  70.000000 29.294613 5.945212
  70.000000 29.304313 5.948007
  70.000000 29.313876 5.950776
  70.000000 29.323580 5.953577
  70.000000 29.333289 5.956380
  70.000000 29.342864 5.959157
  70.000000 29.352577 5.961965
  70.000000 29.362152 5.964747
  70.000000 29.371729 5.967532
  70.000000 29.381308 5.970319
  70.000000 29.390896 5.973109
  70.000000 29.400482 5.975902
  70.000000 29.410069 5.978697
  70.000000 29.420398 5.981495
  70.000000 29.430773 5.984267
  70.000000 29.441313 5.987070
  70.000000 29.451874 5.989875
  70.000000 29.462313 5.992655
  70.000000 29.472772 5.995437
  70.000000 29.483396 5.998250
  70.000000 29.493899 6.001037
  70.000000 29.504421 6.003827
  70.000000 29.514966 6.006619
  70.000000 29.525526 6.009414
  70.000000 29.535971 6.012183
  70.000000 29.546578 6.014983
  70.000000 29.557209 6.017785
  70.000000 29.567718 6.020561
  70.000000 29.578391 6.023369
  70.000000 29.588944 6.026151
  70.000000 29.599518 6.028934
  70.000000 29.610115 6.031721
  70.000000 29.620731 6.034510
  70.000000 29.631372 6.037301
  70.000000 29.642035 6.040095
  70.000000 29.652718 6.042892
  70.000000 29.663425 6.045691
  70.000000 29.674010 6.048464
  70.000000 29.684756 6.051268
  70.000000 29.695384 6.054046
  70.000000 29.706182 6.056855
  70.000000 29.716858 6.059638
  70.000000 29.727554 6.062423
  70.000000 29.738275 6.065211
  70.000000 29.749020 6.068001
  70.000000 29.759787 6.070794
  70.000000 29.770576 6.073590
  70.000000 29.781390 6.076388
  70.000000 29.792226 6.079188
  70.000000 29.802939 6.081962
  70.000000 29.813823 6.084767
  70.000000 29.824585 6.087546
  70.000000 29.835370 6.090327
  70.000000 29.846323 6.093140
  70.000000 29.857149 6.095926
  70.000000 29.868006 6.098715
  70.000000 29.879190 6.101506
  70.000000 29.890458 6.104300
  70.000000 29.901727 6.107096
  70.000000 29.912857 6.109865
  70.000000 29.924143 6.112667
  70.000000 29.935439 6.115471
  70.000000 29.946594 6.118247
  70.000000 29.957906 6.121056
  70.000000 29.969078 6.123838
  70.000000 29.980266 6.126622
  70.000000 29.991456 6.129408
  70.000000 30.002653 6.132197
  70.000000 30.013862 6.134989
  70.000000 30.025076 6.137783
  70.000000 30.036300 6.140580
  70.000000 30.047531 6.143379
  70.000000 30.058623 6.146150
  70.000000 30.069879 6.148955
  70.000000 30.080987 6.151731
  70.000000 30.092253 6.154540
  70.000000 30.103378 6.157322
  70.000000 30.114511 6.160106
  70.000000 30.125653 6.162892
  70.000000 30.136953 6.165712
  70.000000 30.148112 6.168503
  70.000000 30.159137 6.171267
  70.000000 30.170312 6.174063
  70.000000 30.181496 6.176862
  70.000000 30.192691 6.179664
  70.000000 30.203741 6.182437
  70.000000 30.214950 6.185244
  70.000000 30.226017 6.188022
  70.000000 30.237093 6.190803
  70.000000 30.248327 6.193617
  70.000000 30.259428 6.196403
  70.000000 30.270528 6.199191
