  89.000000 6.357283 1.239528
  89.000000 6.372054 1.242318
  89.000000 6.386839 1.245109
  89.000000 6.401632 1.247900
  89.000000 6.416440 1.250692
  89.000000 6.431248 1.253482
  89.000000 6.446063 1.256273
  89.000000 6.460892 1.259064
  89.000000 6.475618 1.261855
  89.000000 6.490311 1.264647
  89.000000 6.505006 1.267438
  89.000000 6.519702 1.270229
  89.000000 6.534407 1.273020
  89.000000 6.549119 1.275811
  89.000000 6.563832 1.278602
  89.000000 6.578551 1.281393
  89.000000 6.593278 1.284184
  89.000000 6.608010 1.286975
  89.000000 6.622749 1.289766
  89.000000 6.637486 1.292557
  89.000000 6.652235 1.295348
  89.000000 6.666990 1.298139
  89.000000 6.681749 1.300930
  89.000000 6.696512 1.303721
  89.000000 6.711287 1.306512
  89.000000 6.726065 1.309303
  89.000000 6.740847 1.312094
  89.000000 6.755639 1.314885
  89.000000 6.770433 1.317676
  89.000000 6.785238 1.320467
  89.000000 6.800044 1.323258
  89.000000 6.814860 1.326049
  89.000000 6.829684 1.328840
  89.000000 6.844517 1.331632
  89.000000 6.859351 1.334422
  89.000000 6.874193 1.337213
  89.000000 6.889051 1.340005
  89.000000 6.903908 1.342796
  89.000000 6.918773 1.345587
  89.000000 6.933644 1.348377
  89.000000 6.948523 1.351168
  89.000000 6.963415 1.353959
  89.000000 6.978314 1.356751
  89.000000 6.993219 1.359542
  89.000000 7.008129 1.362332
  89.000000 7.023053 1.365124
  89.000000 7.037982 1.367915
  89.000000 7.052916 1.370705
  89.000000 7.067871 1.373497
  89.000000 7.082822 1.376288
  89.000000 7.097785 1.379078
  89.000000 7.112761 1.381870
  89.000000 7.127748 1.384661
  89.000000 7.142740 1.387452
  89.000000 7.157724 1.390243
  89.000000 7.172619 1.393034
  89.000000 7.187514 1.395824
  89.000000 7.202424 1.398616
  89.000000 7.217334 1.401406
  89.000000 7.232260 1.404198
  89.000000 7.247185 1.406989
  89.000000 7.262125 1.409780
  89.000000 7.277072 1.412572
  89.000000 7.292016 1.415362
  89.000000 7.306976 1.418153
  89.000000 7.321950 1.420945
  89.000000 7.336921 1.423735
  89.000000 7.351907 1.426526
  89.000000 7.366897 1.429317
  89.000000 7.381902 1.432109
  89.000000 7.396911 1.434900
  89.000000 7.411925 1.437690
  89.000000 7.426953 1.440482
  89.000000 7.441985 1.443272
  89.000000 7.457029 1.446063
  89.000000 7.472086 1.448854
  89.000000 7.487146 1.451645
  89.000000 7.502219 1.454436
  89.000000 7.517304 1.457227
  89.000000 7.532401 1.460019
  89.000000 7.547501 1.462810
  89.000000 7.562613 1.465601
  89.000000 7.577736 1.468392
  89.000000 7.592870 1.471183
  89.000000 7.608007 1.473973
  89.000000 7.623163 1.476764
  89.000000 7.638331 1.479556
  89.000000 7.653510 1.482347
  89.000000 7.668699 1.485139
  89.000000 7.683899 1.487930
  89.000000 7.699110 1.490721
  89.000000 7.714330 1.493511
  89.000000 7.729561 1.496301
  89.000000 7.744811 1.499093
  89.000000 7.760072 1.501884
  89.000000 7.775342 1.504675
  89.000000 7.790632 1.507466
  89.000000 7.805898 1.510257
  89.000000 7.821006 1.513048
  89.000000 7.836127 1.515839
  89.000000 7.851253 1.518630
  89.000000 7.866393 1.521421
  89.000000 7.881537 1.524212
  89.000000 7.896694 1.527004
  89.000000 7.911855 1.529794
  89.000000 7.927030 1.532585
  89.000000 7.942218 1.535377
  89.000000 7.957409 1.538167
  89.000000 7.972612 1.540959
  89.000000 7.987829 1.543750
  89.000000 8.003049 1.546540
  89.000000 8.018281 1.549331
  89.000000 8.033524 1.552122
  89.000000 8.048781 1.554914
  89.000000 8.064050 1.557705
  89.000000 8.079321 1.560495
  89.000000 8.094613 1.563287
  89.000000 8.109907 1.566077
  89.000000 8.125223 1.568869
  89.000000 8.140541 1.571660
  89.000000 8.155880 1.574452
  89.000000 8.171220 1.577242
  89.000000 8.186582 1.580034
  89.000000 8.201945 1.582823
  89.000000 8.217329 1.585615
  89.000000 8.232724 1.588406
  89.000000 8.248131 1.591197
  89.000000 8.263558 1.593989
  89.000000 8.278986 1.596779
  89.000000 8.294435 1.599571
  89.000000 8.309895 1.602361
  89.000000 8.325366 1.605152
  89.000000 8.340857 1.607943
  89.000000 8.356360 1.610734
  89.000000 8.371884 1.613526
  89.000000 8.387418 1.616317
  89.000000 8.402962 1.619108
  89.000000 8.418528 1.621899
  89.000000 8.434104 1.624690
  89.000000 8.449702 1.627482
  89.000000 8.465309 1.630272
  89.000000 8.480938 1.633064
  89.000000 8.496578 1.635854
  89.000000 8.512239 1.638645
  89.000000 8.527759 1.641435
  89.000000 8.543193 1.644226
  89.000000 8.558641 1.647017
  89.000000 8.574107 1.649809
  89.000000 8.589575 1.652600
  89.000000 8.605058 1.655391
  89.000000 8.620557 1.658183
  89.000000 8.636059 1.660973
  89.000000 8.651576 1.663764
  89.000000 8.667108 1.666555
  89.000000 8.682655 1.669346
  89.000000 8.698217 1.672138
  89.000000 8.713782 1.674928
  89.000000 8.729374 1.677720
  89.000000 8.744968 1.680510
  89.000000 8.760577 1.683300
  89.000000 8.776214 1.686093
  89.000000 8.791852 1.688884
  89.000000 8.807505 1.691674
  89.000000 8.823172 1.694465
  89.000000 8.838854 1.697255
  89.000000 8.854563 1.700048
  89.000000 8.870274 1.702838
  89.000000 8.885999 1.705628
  89.000000 8.901751 1.708420
  89.000000 8.917517 1.711212
  89.000000 8.933298 1.714004
  89.000000 8.949081 1.716792
  89.000000 8.964903 1.719585
  89.000000 8.980727 1.722376
  89.000000 8.996580 1.725168
  89.000000 9.012434 1.727957
  89.000000 9.028327 1.730750
  89.000000 9.044222 1.733540
  89.000000 9.060144 1.736332
  89.000000 9.076069 1.739121
  89.000000 9.092033 1.741914
  89.000000 9.108000 1.744703
  89.000000 9.123994 1.747494
  89.000000 9.140017 1.750287
  89.000000 9.156054 1.753078
  89.000000 9.172106 1.755869
  89.000000 9.188174 1.758658
  89.000000 9.204119 1.761449
  89.000000 9.219985 1.764241
  89.000000 9.235861 1.767032
  89.000000 9.251746 1.769822
  89.000000 9.267655 1.772613
  89.000000 9.283586 1.775405
  89.000000 9.299526 1.778196
  89.000000 9.315490 1.780988
  89.000000 9.331462 1.783778
  89.000000 9.347456 1.786570
  89.000000 9.363461 1.789360
  89.000000 9.379489 1.792150
  89.000000 9.395539 1.794942
  89.000000 9.411613 1.797735
  89.000000 9.427695 1.800526
  89.000000 9.443789 1.803315
  89.000000 9.459918 1.806107
  89.000000 9.476057 1.808898
  89.000000 9.492221 1.811689
  89.000000 9.508407 1.814481
  89.000000 9.524603 1.817271
  89.000000 9.540822 1.820061
  89.000000 9.557068 1.822852
  89.000000 9.573335 1.825643
  89.000000 9.589626 1.828435
  89.000000 9.605930 1.831225
  89.000000 9.622270 1.834018
  89.000000 9.638621 1.836808
  89.000000 9.654996 1.839599
  89.000000 9.671399 1.842390
  89.000000 9.687824 1.845181
  89.000000 9.704275 1.847973
  89.000000 9.720736 1.850762
  89.000000 9.737240 1.853554
  89.000000 9.753768 1.856345
  89.000000 9.770321 1.859137
  89.000000 9.786889 1.861927
  89.000000 9.803496 1.864719
  89.000000 9.820129 1.867510
  89.000000 9.836774 1.870299
  89.000000 9.853464 1.873091
  89.000000 9.870179 1.875883
  89.000000 9.886922 1.878674
  89.000000 9.903509 1.881465
  89.000000 9.919998 1.884256
  89.000000 9.936507 1.887046
  89.000000 9.953052 1.889839
  89.000000 9.969606 1.892629
  89.000000 9.986193 1.895421
  89.000000 10.002785 1.898209
  89.000000 10.019415 1.901001
  89.000000 10.036084 1.903794
  89.000000 10.052756 1.906584
  89.000000 10.069450 1.909373
  89.000000 10.086181 1.912165
  89.000000 10.102933 1.914956
  89.000000 10.119727 1.917749
  89.000000 10.136525 1.920539
  89.000000 10.153360 1.923330
  89.000000 10.170218 1.926121
  89.000000 10.187103 1.928911
  89.000000 10.204023 1.931703
  89.000000 10.220966 1.934494
  89.000000 10.237932 1.937284
  89.000000 10.254942 1.940076
  89.000000 10.271972 1.942866
  89.000000 10.289043 1.945659
  89.000000 10.306121 1.948448
  89.000000 10.323257 1.951241
  89.000000 10.340405 1.954031
  89.000000 10.357591 1.956822
  89.000000 10.374818 1.959615
  89.000000 10.392055 1.962403
  89.000000 10.409355 1.965196
  89.000000 10.426677 1.967988
  89.000000 10.444026 1.970778
  89.000000 10.461402 1.973567
  89.000000 10.478842 1.976361
  89.000000 10.496290 1.979150
  89.000000 10.513781 1.981940
  89.000000 10.531319 1.984732
  89.000000 10.548889 1.987522
  89.000000 10.566501 1.990314
  89.000000 10.584159 1.993107
  89.000000 10.601830 1.995895
  89.000000 10.619566 1.998688
  89.000000 10.637337 2.001479
  89.000000 10.655151 2.004271
  89.000000 10.672998 2.007062
  89.000000 10.690884 2.009853
  89.000000 10.708583 2.012643
  89.000000 10.726326 2.015434
  89.000000 10.744115 2.018225
  89.000000 10.761931 2.021015
  89.000000 10.779794 2.023806
  89.000000 10.797703 2.026598
  89.000000 10.815641 2.029388
  89.000000 10.833627 2.032179
  89.000000 10.851660 2.034970
  89.000000 10.869742 2.037763
  89.000000 10.887855 2.040554
  89.000000 10.906019 2.043345
  89.000000 10.924231 2.046137
  89.000000 10.942476 2.048927
  89.000000 10.960771 2.051717
  89.000000 10.979118 2.054508
  89.000000 10.997518 2.057300
  89.000000 11.015951 2.060090
  89.000000 11.034438 2.062880
  89.000000 11.052997 2.065674
  89.000000 11.071574 2.068462
  89.000000 11.090224 2.071254
  89.000000 11.108930 2.074047
  89.000000 11.127673 2.076837
  89.000000 11.146474 2.079627
  89.000000 11.165333 2.082418
  89.000000 11.184250 2.085209
  89.000000 11.203226 2.088001
  89.000000 11.222262 2.090793
  89.000000 11.241340 2.093582
  89.000000 11.260497 2.096375
  89.000000 11.279698 2.099165
  89.000000 11.298962 2.101955
  89.000000 11.318290 2.104746
  89.000000 11.337681 2.107536
  89.000000 11.357158 2.110331
  89.000000 11.376681 2.113122
  89.000000 11.396252 2.115909
  89.000000 11.415909 2.118701
  89.000000 11.435635 2.121492
  89.000000 11.455430 2.124284
  89.000000 11.475296 2.127076
  89.000000 11.495180 2.129867
  89.000000 11.514142 2.132659
  89.000000 11.533127 2.135447
  89.000000 11.552177 2.138238
  89.000000 11.571269 2.141030
  89.000000 11.590405 2.143821
  89.000000 11.609585 2.146612
  89.000000 11.628808 2.149404
  89.000000 11.648075 2.152194
  89.000000 11.667386 2.154985
  89.000000 11.686741 2.157775
  89.000000 11.706161 2.160569
  89.000000 11.725604 2.163359
  89.000000 11.745093 2.166148
  89.000000 11.764645 2.168941
  89.000000 11.784240 2.171733
  89.000000 11.803861 2.174522
  89.000000 11.823545 2.177313
  89.000000 11.843273 2.180104
  89.000000 11.863045 2.182895
  89.000000 11.882881 2.185688
  89.000000 11.902741 2.188478
  89.000000 11.922665 2.191270
  89.000000 11.942609 2.194058
  89.000000 11.962619 2.196850
  89.000000 11.982670 2.199640
  89.000000 12.002784 2.202434
  89.000000 12.022920 2.205223
  89.000000 12.043117 2.208016
  89.000000 12.063356 2.210807
  89.000000 12.083635 2.213598
  89.000000 12.103952 2.216387
  89.000000 12.124331 2.219180
  89.000000 12.144746 2.221972
  89.000000 12.165199 2.224763
  89.000000 12.185690 2.227553
  89.000000 12.206214 2.230342
  89.000000 12.226797 2.233134
  89.000000 12.247411 2.235925
  89.000000 12.268058 2.238715
  89.000000 12.288759 2.241507
  89.000000 12.309487 2.244299
  89.000000 12.330243 2.247089
  89.000000 12.351050 2.249883
  89.000000 12.371857 2.252670
  89.000000 12.392711 2.255461
  89.000000 12.413606 2.258255
  89.000000 12.434122 2.261043
  89.000000 12.454280 2.263838
  89.000000 12.474416 2.266627
  89.000000 12.494568 2.269419
  89.000000 12.514716 2.272210
  89.000000 12.534857 2.274999
  89.000000 12.555006 2.277791
  89.000000 12.575144 2.280582
  89.000000 12.595289 2.283375
  89.000000 12.615389 2.286162
  89.000000 12.635511 2.288956
  89.000000 12.655586 2.291744
  89.000000 12.675654 2.294535
  89.000000 12.695709 2.297328
  89.000000 12.715730 2.300120
  89.000000 12.735708 2.302910
  89.000000 12.755664 2.305702
  89.000000 12.775570 2.308493
  89.000000 12.795421 2.311281
  89.000000 12.815238 2.314072
  89.000000 12.835014 2.316866
  89.000000 12.854722 2.319657
  89.000000 12.874356 2.322447
  89.000000 12.893932 2.325239
  89.000000 12.913428 2.328029
  89.000000 12.932855 2.330821
  89.000000 12.952186 2.333611
  89.000000 12.971438 2.336404
  89.000000 12.990582 2.339194
  89.000000 13.009636 2.341987
  89.000000 13.028566 2.344777
  89.000000 13.047369 2.347565
  89.000000 13.066086 2.350360
  89.000000 13.084635 2.353148
  89.000000 13.103060 2.355938
  89.000000 13.121352 2.358730
  89.000000 13.139482 2.361520
  89.000000 13.157461 2.364312
  89.000000 13.175262 2.367102
  89.000000 13.192903 2.369894
  89.000000 13.210370 2.372687
  89.000000 13.227637 2.375479
  89.000000 13.244694 2.378267
  89.000000 13.258591 2.381058
  89.000000 13.269146 2.383851
  89.000000 13.279407 2.386641
  89.000000 13.289398 2.389433
  89.000000 13.299100 2.392222
  89.000000 13.308549 2.395013
  89.000000 13.317752 2.397806
  89.000000 13.326693 2.400596
  89.000000 13.335405 2.403388
  89.000000 13.343879 2.406177
  89.000000 13.352151 2.408969
  89.000000 13.360231 2.411761
  89.000000 13.368112 2.414551
  89.000000 13.375834 2.417343
  89.000000 13.383383 2.420132
  89.000000 13.390835 2.422927
  89.000000 13.398124 2.425714
  89.000000 13.405346 2.428508
  89.000000 13.412467 2.431299
  89.000000 13.419537 2.434091
  89.000000 13.426545 2.436880
  89.000000 13.433536 2.439671
  89.000000 13.440531 2.442463
  89.000000 13.447526 2.445252
  89.000000 13.454562 2.448043
  89.000000 13.461663 2.450835
  89.000000 13.468819 2.453624
  89.000000 13.476101 2.456419
  89.000000 13.483442 2.459206
  89.000000 13.490949 2.461999
  89.000000 13.498579 2.464789
  89.000000 13.506371 2.467581
  89.000000 13.514344 2.470373
  89.000000 13.522481 2.473162
  89.000000 13.530819 2.475953
  89.000000 13.539371 2.478745
  89.000000 13.548146 2.481538
  89.000000 13.557122 2.484327
  89.000000 13.566332 2.487118
  89.000000 13.575785 2.489910
  89.000000 13.585455 2.492698
  89.000000 13.595399 2.495493
  89.000000 13.605566 2.498284
  89.000000 13.617082 2.501076
  89.000000 13.629823 2.503864
  89.000000 13.642689 2.506653
  89.000000 13.655710 2.509449
  89.000000 13.668800 2.512235
  89.000000 13.682038 2.515028
  89.000000 13.695398 2.517822
  89.000000 13.708846 2.520611
  89.000000 13.722414 2.523402
  89.000000 13.736096 2.526194
  89.000000 13.749862 2.528982
  89.000000 13.763769 2.531775
  89.000000 13.777758 2.534565
  89.000000 13.791854 2.537356
  89.000000 13.806057 2.540147
  89.000000 13.820364 2.542940
  89.000000 13.834748 2.545728
  89.000000 13.849261 2.548522
  89.000000 13.863845 2.551312
  89.000000 13.878528 2.554103
  89.000000 13.893308 2.556895
  89.000000 13.908183 2.559687
  89.000000 13.923123 2.562475
  89.000000 13.938185 2.565269
  89.000000 13.953310 2.568059
  89.000000 13.968524 2.570849
  89.000000 13.983826 2.573640
  89.000000 13.999216 2.576432
  89.000000 14.014693 2.579224
  89.000000 14.030225 2.582012
  89.000000 14.045869 2.584806
  89.000000 14.061567 2.587595
  89.000000 14.077346 2.590384
  89.000000 14.093236 2.593180
  89.000000 14.109174 2.595971
  89.000000 14.125193 2.598762
  89.000000 14.141258 2.601549
  89.000000 14.157429 2.604341
  89.000000 14.173677 2.607134
  89.000000 14.189969 2.609922
  89.000000 14.206365 2.612716
  89.000000 14.222806 2.615505
  89.000000 14.239316 2.618294
  89.000000 14.255931 2.621090
  89.000000 14.272584 2.623880
  89.000000 14.289310 2.626670
  89.000000 14.306105 2.629461
  89.000000 14.323612 2.632252
  89.000000 14.341207 2.635044
  89.000000 14.358838 2.637836
  89.000000 14.376477 2.640623
  89.000000 14.394183 2.643415
  89.000000 14.411928 2.646208
  89.000000 14.429710 2.649001
  89.000000 14.447501 2.651788
  89.000000 14.465360 2.654582
  89.000000 14.483229 2.657370
  89.000000 14.501167 2.660163
  89.000000 14.519114 2.662952
  89.000000 14.537132 2.665746
  89.000000 14.555158 2.668534
  89.000000 14.573257 2.671328
  89.000000 14.591365 2.674117
  89.000000 14.609514 2.676906
  89.000000 14.627736 2.679700
  89.000000 14.645968 2.682489
  89.000000 14.664273 2.685283
  89.000000 14.682590 2.688072
  89.000000 14.700949 2.690861
  89.000000 14.719385 2.693655
  89.000000 14.737831 2.696444
  89.000000 14.756353 2.699238
  89.000000 14.774887 2.702026
  89.000000 14.793497 2.704820
  89.000000 14.812121 2.707608
  89.000000 14.830822 2.710402
  89.000000 14.849537 2.713190
  89.000000 14.868330 2.715983
  89.000000 14.887170 2.718777
  89.000000 14.906025 2.721564
  89.000000 14.924960 2.724357
  89.000000 14.943943 2.727149
  89.000000 14.962942 2.729935
  89.000000 14.982023 2.732727
  89.000000 15.001153 2.735519
  89.000000 15.020333 2.738310
  89.000000 15.039564 2.741101
  89.000000 15.058845 2.743891
  89.000000 15.078178 2.746682
  89.000000 15.097597 2.749477
  89.000000 15.116154 2.752267
  89.000000 15.134689 2.755055
  89.000000 15.153293 2.757850
  89.000000 15.171895 2.760638
  89.000000 15.190566 2.763431
  89.000000 15.209273 2.766224
  89.000000 15.227980 2.769011
  89.000000 15.246755 2.771802
  89.000000 15.265567 2.774594
  89.000000 15.284414 2.777384
  89.000000 15.303298 2.780175
  89.000000 15.322251 2.782970
  89.000000 15.341206 2.785759
  89.000000 15.360200 2.788547
  89.000000 15.379263 2.791341
  89.000000 15.398364 2.794134
  89.000000 15.417469 2.796920
  89.000000 15.436646 2.799712
  89.000000 15.455862 2.802502
  89.000000 15.475151 2.805299
  89.000000 15.494443 2.808088
  89.000000 15.513777 2.810877
  89.000000 15.533183 2.813671
  89.000000 15.552594 2.816457
  89.000000 15.572083 2.819250
  89.000000 15.591611 2.822041
  89.000000 15.611182 2.824831
  89.000000 15.630792 2.827621
  89.000000 15.650480 2.830416
  89.000000 15.670176 2.833204
  89.000000 15.689949 2.835997
  89.000000 15.709765 2.838789
  89.000000 15.729626 2.841580
  89.000000 15.749530 2.844370
  89.000000 15.769480 2.847159
  89.000000 15.789509 2.849954
  89.000000 15.809547 2.852741
  89.000000 15.829669 2.855533
  89.000000 15.849835 2.858325
  89.000000 15.870048 2.861115
  89.000000 15.890347 2.863910
  89.000000 15.910655 2.866698
  89.000000 15.931050 2.869491
  89.000000 15.951491 2.872283
  89.000000 15.971982 2.875074
  89.000000 15.992525 2.877864
  89.000000 16.013067 2.880652
  89.000000 16.033611 2.883445
  89.000000 16.054199 2.886238
  89.000000 16.074831 2.889029
  89.000000 16.095510 2.891819
  89.000000 16.116234 2.894607
  89.000000 16.137044 2.897401
  89.000000 16.157902 2.900193
  89.000000 16.178806 2.902984
  89.000000 16.199760 2.905773
  89.000000 16.220764 2.908561
  89.000000 16.241852 2.911355
  89.000000 16.262994 2.914147
  89.000000 16.284187 2.916937
  89.000000 16.305429 2.919726
  89.000000 16.326764 2.922520
  89.000000 16.348152 2.925313
  89.000000 16.369590 2.928104
  89.000000 16.391086 2.930894
  89.000000 16.412637 2.933681
  89.000000 16.434279 2.936475
  89.000000 16.455981 2.939266
  89.000000 16.477739 2.942056
  89.000000 16.499553 2.944844
  89.000000 16.521467 2.947638
  89.000000 16.543440 2.950429
  89.000000 16.565471 2.953219
  89.000000 16.587605 2.956015
  89.000000 16.609758 2.958801
  89.000000 16.632017 2.961593
  89.000000 16.654339 2.964383
  89.000000 16.676762 2.967178
  89.000000 16.699214 2.969964
  89.000000 16.721771 2.972756
  89.000000 16.744433 2.975552
  89.000000 16.767126 2.978340
  89.000000 16.789928 2.981133
  89.000000 16.812796 2.983924
  89.000000 16.835739 2.986713
  89.000000 16.858794 2.989507
  89.000000 16.881878 2.992292
  89.000000 16.905122 2.995090
  89.000000 16.928399 2.997878
  89.000000 16.951839 3.000671
  89.000000 16.975435 3.003462
  89.000000 16.999112 3.006252
  89.000000 17.022871 3.009039
  89.000000 17.046755 3.011831
  89.000000 17.070723 3.014621
  89.000000 17.094819 3.017416
  89.000000 17.118961 3.020202
  89.000000 17.143232 3.022993
  89.000000 17.167636 3.025789
  89.000000 17.192089 3.028576
  89.000000 17.216673 3.031367
  89.000000 17.241397 3.034164
  89.000000 17.266176 3.036951
  89.000000 17.291094 3.039743
  89.000000 17.316111 3.042533
  89.000000 17.341271 3.045328
  89.000000 17.366491 3.048113
  89.000000 17.391857 3.050903
  89.000000 17.417372 3.053699
  89.000000 17.442995 3.056492
  89.000000 17.468727 3.059282
  89.000000 17.494570 3.062070
  89.000000 17.520569 3.064863
  89.000000 17.546683 3.067654
  89.000000 17.572914 3.070442
  89.000000 17.599307 3.073235
  89.000000 17.625822 3.076026
  89.000000 17.652459 3.078814
  89.000000 17.679265 3.081607
  89.000000 17.706199 3.084397
  89.000000 17.733307 3.087193
  89.000000 17.760503 3.089978
  89.000000 17.787877 3.092768
  89.000000 17.815433 3.095564
  89.000000 17.843127 3.098356
  89.000000 17.870964 3.101146
  89.000000 17.898945 3.103933
  89.000000 17.927118 3.106726
  89.000000 17.955440 3.109515
  89.000000 17.983961 3.112310
  89.000000 18.012636 3.115101
  89.000000 18.041470 3.117890
  89.000000 18.069707 3.120684
  89.000000 18.096821 3.123475
  89.000000 18.124051 3.126263
  89.000000 18.151445 3.129056
  89.000000 18.178958 3.131846
  89.000000 18.206644 3.134641
  89.000000 18.234402 3.137425
  89.000000 18.262378 3.140222
  89.000000 18.290435 3.143009
  89.000000 18.318668 3.145800
  89.000000 18.347079 3.148596
  89.000000 18.375579 3.151381
  89.000000 18.404308 3.154179
  89.000000 18.433137 3.156966
  89.000000 18.462147 3.159758
  89.000000 18.491300 3.162546
  89.000000 18.520648 3.165340
  89.000000 18.550144 3.168130
  89.000000 18.579792 3.170918
  89.000000 18.609642 3.173710
  89.000000 18.639696 3.176507
  89.000000 18.669863 3.179293
  89.000000 18.700249 3.182083
  89.000000 18.730840 3.184879
  89.000000 18.761601 3.187671
  89.000000 18.792533 3.190460
  89.000000 18.823640 3.193246
  89.000000 18.855023 3.196044
  89.000000 18.886539 3.198831
  89.000000 18.918289 3.201623
  89.000000 18.950236 3.204412
  89.000000 18.982416 3.207206
  89.000000 19.014792 3.209996
  89.000000 19.047417 3.212790
  89.000000 19.080196 3.215573
  89.000000 19.113281 3.218370
  89.000000 19.146579 3.221162
  89.000000 19.180092 3.223952
  89.000000 19.213884 3.226746
  89.000000 19.247892 3.229536
  89.000000 19.282128 3.232323
  89.000000 19.316648 3.235115
  89.000000 19.351407 3.237903
  89.000000 19.386459 3.240696
  89.000000 19.421759 3.243485
  89.000000 19.457363 3.246279
  89.000000 19.493236 3.249069
  89.000000 19.528808 3.251864
  89.000000 19.564496 3.254656
  89.000000 19.600436 3.257443
  89.000000 19.636685 3.260236
  89.000000 19.673195 3.263024
  89.000000 19.710025 3.265818
  89.000000 19.747127 3.268607
  89.000000 19.784560 3.271402
  89.000000 19.822277 3.274192
  89.000000 19.860284 3.276979
  89.000000 19.898639 3.279770
  89.000000 19.937349 3.282566
  89.000000 19.976315 3.285349
  89.000000 20.015701 3.288146
  89.000000 20.055410 3.290939
  89.000000 20.095446 3.293728
  89.000000 20.135872 3.296522
  89.000000 20.176640 3.299311
  89.000000 20.217759 3.302097
  89.000000 20.259289 3.304887
  89.000000 20.301238 3.307682
  89.000000 20.343562 3.310473
  89.000000 20.386267 3.313260
  89.000000 20.429417 3.316051
  89.000000 20.473022 3.318847
  89.000000 20.517035 3.321639
  89.000000 20.561466 3.324427
  89.000000 20.606378 3.327219
  89.000000 20.651728 3.330007
  89.000000 20.697580 3.332800
  89.000000 20.743890 3.335589
  89.000000 20.790723 3.338382
  89.000000 20.838036 3.341171
  89.000000 20.885896 3.343964
  89.000000 20.934258 3.346753
  89.000000 20.983190 3.349547
  89.000000 21.032650 3.352337
  89.000000 21.082706 3.355131
  89.000000 21.133315 3.357921
  89.000000 21.184547 3.360715
  89.000000 21.236359 3.363505
  89.000000 21.288767 3.366290
  89.000000 21.341841 3.369080
  89.000000 21.393449 3.371875
  89.000000 21.445177 3.374665
  89.000000 21.497504 3.377459
  89.000000 21.550431 3.380249
  89.000000 21.603947 3.383035
  89.000000 21.658187 3.385834
  89.000000 21.712988 3.388620
  89.000000 21.768483 3.391410
  89.000000 21.824687 3.394204
  89.000000 21.881558 3.396994
  89.000000 21.939172 3.399789
  89.000000 21.997485 3.402578
  89.000000 22.056515 3.405363
  89.000000 22.116375 3.408162
  89.000000 22.176955 3.410947
  89.000000 22.238368 3.413736
  89.000000 22.300636 3.416530
  89.000000 22.363717 3.419319
  89.000000 22.427693 3.422113
  89.000000 22.492527 3.424901
  89.000000 22.558300 3.427695
  89.000000 22.624974 3.430483
  89.000000 22.692636 3.433276
  89.000000 22.761312 3.436073
  89.000000 22.830866 3.438856
  89.000000 22.901580 3.441653
  89.000000 22.973324 3.444445
  89.000000 23.046123 3.447232
  89.000000 23.120070 3.450023
  89.000000 23.195198 3.452819
  89.000000 23.271470 3.455610
  89.000000 23.348917 3.458396
  89.000000 23.427641 3.461186
  89.000000 23.507670 3.463981
  89.000000 23.588977 3.466770
  89.000000 23.671621 3.469564
  89.000000 23.755658 3.472353
  89.000000 23.841146 3.475146
  89.000000 23.928061 3.477934
  89.000000 24.016511 3.480727
  89.000000 24.106467 3.483514
  89.000000 24.198042 3.486305
  89.000000 24.291281 3.489102
  89.000000 24.386157 3.491892
  89.000000 24.482718 3.494678
  89.000000 24.581081 3.497468
  89.000000 24.682701 3.500262
  89.000000 24.790365 3.503051
  89.000000 24.900334 3.505844
  89.000000 25.012499 3.508632
  89.000000 25.127109 3.511424
  89.000000 25.244127 3.514221
  89.000000 25.363667 3.517012
  89.000000 25.485689 3.519798
  89.000000 25.610460 3.522588
  89.000000 25.737937 3.525383
  89.000000 25.868252 3.528172
  89.000000 26.001430 3.530965
  89.000000 26.137610 3.533753
  89.000000 26.276812 3.536545
  89.000000 26.419254 3.539341
  89.000000 26.564801 3.542132
  89.000000 26.713674 3.544917
  89.000000 26.865876 3.547707
  89.000000 27.021631 3.550500
  89.000000 27.180772 3.553289
  89.000000 27.343598 3.556081
  89.000000 27.509998 3.558878
  89.000000 27.680101 3.561669
  89.000000 27.853766 3.564454
  89.000000 28.031261 3.567244
  89.000000 28.212403 3.570037
  89.000000 28.397265 3.572825
  89.000000 28.585689 3.575618
  89.000000 28.777776 3.578414
  89.000000 28.973125 3.581205
  89.000000 29.171758 3.583990
  89.000000 29.373420 3.586789
  89.000000 29.577768 3.589572
  89.000000 29.784491 3.592370
  89.000000 29.993175 3.595162
  89.000000 30.203065 3.597947
  89.000000 30.413809 3.600737
  89.000000 30.624359 3.603532
  89.000000 30.833964 3.606320
  89.000000 31.041330 3.609112
  89.000000 31.245451 3.611909
  89.000000 31.444469 3.614699
  89.000000 31.636952 3.617484
  89.000000 31.826812 3.620272
  89.000000 32.027111 3.623065
  89.000000 32.222369 3.625862
  89.000000 32.410882 3.628653
  89.000000 32.591006 3.631438
  89.000000 32.760917 3.634238
  89.000000 32.918053 3.637020
  89.000000 33.060427 3.639817
  89.000000 33.185298 3.642609
  89.000000 33.289940 3.645393
  89.000000 33.371730 3.648193
  89.000000 33.427697 3.650975
  89.000000 33.455316 3.653773
  89.000000 33.452012 3.656563
  89.000000 33.415441 3.659348
  89.000000 33.344043 3.662147
  89.000000 33.236610 3.664929
  89.000000 33.092722 3.667727
  89.000000 32.912884 3.670517
  89.000000 32.698829 3.673312
  89.000000 32.452491 3.676100
  89.000000 32.177916 3.678893
  89.000000 31.879310 3.681678
  89.000000 31.561942 3.684468
  89.000000 31.231612 3.687262
  89.000000 30.894063 3.690050
  89.000000 30.555184 3.692842
  89.000000 30.220096 3.695637
  89.000000 29.892934 3.698426
  89.000000 29.576969 3.701220
  89.000000 29.273985 3.704006
  89.000000 28.984825 3.706797
  89.000000 28.709302 3.709592
  89.000000 28.446438 3.712380
  89.000000 28.195090 3.715172
  89.000000 27.953795 3.717968
  89.000000 27.721023 3.720758
  89.000000 27.495513 3.723540
  89.000000 27.276275 3.726338
  89.000000 27.062261 3.729129
  89.000000 26.852812 3.731924
  89.000000 26.647278 3.734711
  89.000000 26.445365 3.737503
  89.000000 26.168105 3.740288
  89.000000 25.710892 3.743078
  89.000000 25.284423 3.745871
  89.000000 24.885682 3.748668
  89.000000 24.512129 3.751459
  89.000000 24.161687 3.754242
  89.000000 23.832759 3.757040
  89.000000 23.523705 3.759832
  89.000000 23.233258 3.762616
  89.000000 22.960448 3.765415
  89.000000 22.704143 3.768196
  89.000000 22.463705 3.770993
  89.000000 22.238304 3.773782
  89.000000 22.027352 3.776575
  89.000000 21.830241 3.779361
  89.000000 21.646575 3.782163
  89.000000 21.475680 3.784945
  89.000000 21.317300 3.787744
  89.000000 21.170840 3.790534
  89.000000 21.035854 3.793318
  89.000000 20.911985 3.796117
  89.000000 20.798628 3.798908
  89.000000 20.695258 3.801692
  89.000000 20.601409 3.804480
  89.000000 20.516527 3.807273
  89.000000 20.440042 3.810069
  89.000000 20.371318 3.812857
  89.000000 20.309844 3.815650
  89.000000 20.254999 3.818435
  89.000000 20.206359 3.821236
  89.000000 20.163211 3.824018
  89.000000 20.125251 3.826815
  89.000000 20.091884 3.829605
  89.000000 20.062740 3.832398
  89.000000 20.037359 3.835184
  89.000000 20.015437 3.837974
  89.000000 19.996638 3.840768
  89.000000 19.980598 3.843554
  89.000000 19.967169 3.846356
  89.000000 19.955917 3.849138
  89.000000 19.946805 3.851937
  89.000000 19.939513 3.854727
  89.000000 19.933861 3.857510
  89.000000 19.929809 3.860308
  89.000000 19.927097 3.863099
  89.000000 19.925654 3.865893
  89.000000 19.925305 3.868680
  89.000000 19.935905 3.871470
  89.000000 19.950603 3.874265
  89.000000 19.965092 3.877051
  89.000000 19.979448 3.879842
  89.000000 19.993675 3.882636
  89.000000 20.007726 3.885422
  89.000000 20.021672 3.888213
  89.000000 20.035518 3.891007
  89.000000 20.049211 3.893793
  89.000000 20.062826 3.896583
  89.000000 20.076364 3.899378
  89.000000 20.089835 3.902176
  89.000000 20.103185 3.904966
  89.000000 20.116477 3.907759
  89.000000 20.129658 3.910545
  89.000000 20.142797 3.913335
  89.000000 20.155896 3.916128
  89.000000 20.168898 3.918913
  89.000000 20.181938 3.921715
  89.000000 20.194822 3.924495
  89.000000 20.207749 3.927292
  89.000000 20.220597 3.930081
  89.000000 20.233433 3.932873
  89.000000 20.246256 3.935670
  89.000000 20.259008 3.938458
  89.000000 20.271759 3.941250
  89.000000 20.284442 3.944033
  89.000000 20.297191 3.946833
  89.000000 20.309881 3.949624
  89.000000 20.322510 3.952406
  89.000000 20.335210 3.955206
  89.000000 20.347861 3.957996
  89.000000 20.360454 3.960778
  89.000000 20.373126 3.963576
  89.000000 20.385750 3.966366
  89.000000 20.398389 3.969159
  89.000000 20.410980 3.971944
  89.000000 20.423594 3.974732
  89.000000 20.436225 3.977525
  89.000000 20.448877 3.980321
  89.000000 20.461490 3.983109
  89.000000 20.474124 3.985901
  89.000000 20.486782 3.988696
  89.000000 20.501432 3.991483
  89.000000 20.516794 3.994273
  89.000000 20.532065 3.997067
  89.000000 20.547178 3.999853
  89.000000 20.562272 4.002655
  89.000000 20.577147 4.005435
  89.000000 20.592009 4.008232
  89.000000 20.606724 4.011020
  89.000000 20.621366 4.013812
  89.000000 20.635933 4.016607
  89.000000 20.650368 4.019394
  89.000000 20.664733 4.022184
  89.000000 20.679039 4.024979
  89.000000 20.693214 4.027764
  89.000000 20.707335 4.030553
  89.000000 20.721399 4.033345
  89.000000 20.735415 4.036142
  89.000000 20.749312 4.038930
  89.000000 20.763167 4.041721
  89.000000 20.776975 4.044516
  89.000000 20.790679 4.047302
  89.000000 20.804342 4.050091
  89.000000 20.817973 4.052885
  89.000000 20.831568 4.055682
  89.000000 20.845068 4.058470
  89.000000 20.858536 4.061262
  89.000000 20.871982 4.064058
  89.000000 20.885336 4.066844
  89.000000 20.898666 4.069634
  89.000000 20.911979 4.072427
  89.000000 20.925204 4.075212
  89.000000 20.938416 4.078000
  89.000000 20.951611 4.080791
  89.000000 20.964797 4.083587
  89.000000 20.977901 4.086373
  89.000000 20.991069 4.089176
  89.000000 21.004089 4.091957
  89.000000 21.017176 4.094754
  89.000000 21.030187 4.097542
  89.000000 21.043199 4.100333
  89.000000 21.056206 4.103129
  89.000000 21.069148 4.105914
  89.000000 21.082088 4.108704
  89.000000 21.095035 4.111497
  89.000000 21.107982 4.114294
  89.000000 21.120869 4.117081
  89.000000 21.134080 4.119872
  89.000000 21.149162 4.122666
  89.000000 21.164174 4.125451
  89.000000 21.179192 4.128240
  89.000000 21.194213 4.131032
  89.000000 21.209235 4.133828
  89.000000 21.224192 4.136614
  89.000000 21.239149 4.139404
  89.000000 21.254113 4.142197
  89.000000 21.269082 4.144994
  89.000000 21.283981 4.147782
  89.000000 21.298888 4.150573
  89.000000 21.313796 4.153367
  89.000000 21.328640 4.156152
  89.000000 21.343490 4.158940
  89.000000 21.358342 4.161732
  89.000000 21.373204 4.164528
  89.000000 21.387999 4.167314
  89.000000 21.402868 4.170117
  89.000000 21.417603 4.172896
  89.000000 21.432414 4.175693
  89.000000 21.447162 4.178479
  89.000000 21.461918 4.181269
  89.000000 21.476677 4.184063
  89.000000 21.491447 4.186861
  89.000000 21.506149 4.189648
  89.000000 21.520862 4.192439
  89.000000 21.535583 4.195233
  89.000000 21.550236 4.198018
  89.000000 21.564900 4.200805
  89.000000 21.579571 4.203597
  89.000000 21.594254 4.206392
  89.000000 21.608946 4.209191
  89.000000 21.623571 4.211980
  89.000000 21.638208 4.214772
  89.000000 21.652782 4.217553
  89.000000 21.667437 4.220353
  89.000000 21.682031 4.223141
  89.000000 21.696633 4.225934
  89.000000 21.711174 4.228716
  89.000000 21.725801 4.231516
  89.000000 21.740362 4.234305
  89.000000 21.754937 4.237098
  89.000000 21.769430 4.239880
  89.000000 21.783916 4.242680
  89.000000 21.798342 4.245469
  89.000000 21.812787 4.248262
  89.000000 21.827170 4.251044
  89.000000 21.841643 4.253845
  89.000000 21.856057 4.256634
  89.000000 21.870490 4.259427
  89.000000 21.884861 4.262209
  89.000000 21.899322 4.265010
  89.000000 21.913724 4.267799
  89.000000 21.928145 4.270592
  89.000000 21.942503 4.273374
  89.000000 21.956952 4.276174
  89.000000 21.971342 4.278964
  89.000000 21.985751 4.281757
  89.000000 22.000096 4.284538
  89.000000 22.014534 4.287339
  89.000000 22.028911 4.290128
  89.000000 22.043308 4.292920
  89.000000 22.057641 4.295702
  89.000000 22.072066 4.298502
  89.000000 22.086434 4.301290
  89.000000 22.100815 4.304082
  89.000000 22.115211 4.306878
  89.000000 22.129547 4.309663
  89.000000 22.143903 4.312451
  89.000000 22.158270 4.315243
  89.000000 22.172654 4.318038
  89.000000 22.186978 4.320822
  89.000000 22.201320 4.323610
  89.000000 22.215674 4.326401
  89.000000 22.230046 4.329195
  89.000000 22.244433 4.331994
  89.000000 22.258763 4.334781
  89.000000 22.273104 4.337571
  89.000000 22.287464 4.340365
  89.000000 22.301760 4.343147
  89.000000 22.316154 4.345949
  89.000000 22.330484 4.348738
  89.000000 22.344829 4.351531
  89.000000 22.359115 4.354313
  89.000000 22.373494 4.357113
  89.000000 22.387869 4.359902
  89.000000 22.402564 4.362694
  89.000000 22.417278 4.365489
  89.000000 22.431929 4.368273
  89.000000 22.446600 4.371061
  89.000000 22.461287 4.373852
  89.000000 22.475996 4.376646
  89.000000 22.490721 4.379445
  89.000000 22.505387 4.382231
  89.000000 22.520068 4.385021
  89.000000 22.534772 4.387814
  89.000000 22.549411 4.390595
  89.000000 22.564151 4.393396
  89.000000 22.578827 4.396184
  89.000000 22.593525 4.398976
  89.000000 22.608241 4.401772
  89.000000 22.622891 4.404555
  89.000000 22.637565 4.407342
  89.000000 22.652252 4.410133
  89.000000 22.666962 4.412927
  89.000000 22.681687 4.415725
  89.000000 22.696353 4.418510
  89.000000 22.711033 4.421299
  89.000000 22.725737 4.424091
  89.000000 22.740455 4.426887
  89.000000 22.755113 4.429671
  89.000000 22.769869 4.432474
  89.000000 22.784565 4.435265
  89.000000 22.799197 4.438043
  89.000000 22.813926 4.440841
  89.000000 22.828597 4.443626
  89.000000 22.843281 4.446415
  89.000000 22.857988 4.449207
  89.000000 22.872710 4.452003
  89.000000 22.887454 4.454802
  89.000000 22.902130 4.457589
  89.000000 22.916830 4.460379
  89.000000 22.931544 4.463173
  89.000000 22.946197 4.465955
  89.000000 22.960948 4.468755
  89.000000 22.975639 4.471544
  89.000000 22.990348 4.474335
  89.000000 23.005072 4.477130
  89.000000 23.019736 4.479913
  89.000000 23.034414 4.482699
  89.000000 23.049198 4.485504
  89.000000 23.063830 4.488281
  89.000000 23.078550 4.491078
  89.000000 23.093275 4.493877
  89.000000 23.107938 4.496664
  89.000000 23.122614 4.499455
  89.000000 23.137308 4.502249
  89.000000 23.151935 4.505030
  89.000000 23.166665 4.507831
  89.000000 23.181332 4.510619
  89.000000 23.196012 4.513410
  89.000000 23.210711 4.516205
  89.000000 23.225341 4.518987
  89.000000 23.239994 4.521772
  89.000000 23.254745 4.524577
  89.000000 23.269429 4.527370
  89.000000 23.284045 4.530149
  89.000000 23.298768 4.532948
  89.000000 23.313418 4.535734
  89.000000 23.328087 4.538523
  89.000000 23.342772 4.541316
  89.000000 23.357480 4.544112
  89.000000 23.372116 4.546895
  89.000000 23.386854 4.549698
  89.000000 23.401525 4.552488
  89.000000 23.416130 4.555265
  89.000000 23.430836 4.558061
  89.000000 23.445558 4.560862
  89.000000 23.460211 4.563648
  89.000000 23.474886 4.566439
  89.000000 23.489575 4.569232
  89.000000 23.504194 4.572012
  89.000000 23.518917 4.574813
  89.000000 23.533575 4.577600
  89.000000 23.548246 4.580390
  89.000000 23.562935 4.583184
  89.000000 23.577640 4.585981
  89.000000 23.592280 4.588765
  89.000000 23.606933 4.591552
  89.000000 23.621604 4.594342
  89.000000 23.636291 4.597136
  89.000000 23.651000 4.599933
  89.000000 23.665634 4.602716
  89.000000 23.680286 4.605503
  89.000000 23.695042 4.608311
  89.000000 23.709109 4.611087
  89.000000 23.722926 4.613884
  89.000000 23.736668 4.616667
  89.000000 23.750512 4.619471
  89.000000 23.764281 4.622261
  89.000000 23.778061 4.625054
  89.000000 23.791765 4.627834
  89.000000 23.805572 4.630634
  89.000000 23.819302 4.633420
  89.000000 23.833044 4.636209
  89.000000 23.846800 4.639002
  89.000000 23.860567 4.641798
  89.000000 23.874258 4.644581
  89.000000 23.888051 4.647384
  89.000000 23.901767 4.650173
  89.000000 23.915495 4.652965
  89.000000 23.929145 4.655743
  89.000000 23.942898 4.658542
  89.000000 23.956573 4.661327
  89.000000 23.970261 4.664115
  89.000000 23.983959 4.666906
  89.000000 23.997671 4.669701
  89.000000 24.011395 4.672499
  89.000000 24.025041 4.675283
  89.000000 24.038698 4.678070
  89.000000 24.052367 4.680861
  89.000000 24.066048 4.683655
  89.000000 24.079741 4.686452
  89.000000 24.093356 4.689235
  89.000000 24.107073 4.692038
  89.000000 24.120709 4.694828
  89.000000 24.134359 4.697621
  89.000000 24.147928 4.700399
  89.000000 24.161601 4.703198
  89.000000 24.175194 4.705983
  89.000000 24.188797 4.708771
  89.000000 24.202413 4.711563
  89.000000 24.216040 4.714357
  89.000000 24.229679 4.717156
  89.000000 24.243237 4.719939
  89.000000 24.256805 4.722726
  89.000000 24.270478 4.725534
  89.000000 24.283977 4.728309
  89.000000 24.297580 4.731106
  89.000000 24.311195 4.733906
  89.000000 24.324726 4.736691
  89.000000 24.338241 4.739479
  89.000000 24.351076 4.742271
  89.000000 24.363917 4.745066
  89.000000 24.376672 4.747846
  89.000000 24.389527 4.750648
  89.000000 24.402296 4.753434
  89.000000 24.415072 4.756224
  89.000000 24.427854 4.759018
  89.000000 24.440643 4.761814
  89.000000 24.453345 4.764596
  89.000000 24.466147 4.767399
  89.000000 24.478862 4.770187
  89.000000 24.491582 4.772978
  89.000000 24.504309 4.775772
  89.000000 24.516948 4.778552
  89.000000 24.529688 4.781353
  89.000000 24.542340 4.784139
  89.000000 24.554997 4.786928
  89.000000 24.567661 4.789720
  89.000000 24.580330 4.792516
  89.000000 24.592911 4.795297
  89.000000 24.605592 4.798099
  89.000000 24.618183 4.800886
  89.000000 24.630781 4.803676
  89.000000 24.643384 4.806469
  89.000000 24.655992 4.809266
  89.000000 24.668509 4.812047
  89.000000 24.681033 4.814831
  89.000000 24.693657 4.817638
  89.000000 24.706191 4.820428
  89.000000 24.718635 4.823204
  89.000000 24.731179 4.826001
  89.000000 24.743728 4.828802
  89.000000 24.756186 4.831587
  89.000000 24.768649 4.834375
  89.000000 24.781116 4.837166
  89.000000 24.793588 4.839961
  89.000000 24.805968 4.842740
  89.000000 24.818449 4.845541
  89.000000 24.830838 4.848327
  89.000000 24.843230 4.851115
  89.000000 24.855628 4.853907
  89.000000 24.868030 4.856702
  89.000000 24.880413 4.859500
  89.000000 24.892301 4.862283
  89.000000 24.904193 4.865068
  89.000000 24.916190 4.867876
  89.000000 24.928094 4.870668
  89.000000 24.939906 4.873444
  89.000000 24.951821 4.876243
  89.000000 24.963644 4.879025
  89.000000 24.975571 4.881830
  89.000000 24.987398 4.884619
  89.000000 24.999238 4.887411
  89.000000 25.011082 4.890206
  89.000000 25.022834 4.892985
  89.000000 25.034689 4.895786
  89.000000 25.046451 4.898572
  89.000000 25.058218 4.901360
  89.000000 25.069991 4.904152
  89.000000 25.081768 4.906947
  89.000000 25.093452 4.909726
  89.000000 25.105238 4.912527
  89.000000 25.116931 4.915312
  89.000000 25.128629 4.918100
  89.000000 25.140332 4.920892
  89.000000 25.152041 4.923686
  89.000000 25.163754 4.926484
  89.000000 25.175372 4.929265
  89.000000 25.187096 4.932069
  89.000000 25.198724 4.934857
  89.000000 25.210357 4.937647
  89.000000 25.221994 4.940441
  89.000000 25.233537 4.943219
  89.000000 25.245184 4.946019
  89.000000 25.256735 4.948802
  89.000000 25.268392 4.951609
  89.000000 25.279953 4.954399
  89.000000 25.291416 4.957172
  89.000000 25.302987 4.959968
  89.000000 25.314561 4.962768
  89.000000 25.326039 4.965550
  89.000000 25.337522 4.968336
  89.000000 25.349110 4.971145
  89.000000 25.360601 4.973937
  89.000000 25.371996 4.976712
  89.000000 25.383535 4.979510
  89.000000 25.395610 4.982292
  89.000000 25.407795 4.985096
  89.000000 25.419885 4.987884
  89.000000 25.431981 4.990675
  89.000000 25.444083 4.993469
  89.000000 25.456191 4.996266
  89.000000 25.468203 4.999046
  89.000000 25.480220 5.001829
  89.000000 25.492348 5.004635
  89.000000 25.504379 5.007424
  89.000000 25.516415 5.010217
  89.000000 25.528355 5.012992
  89.000000 25.540403 5.015791
  89.000000 25.552456 5.018593
  89.000000 25.564414 5.021377
  89.000000 25.576376 5.024165
  89.000000 25.588344 5.026956
  89.000000 25.600318 5.029750
  89.000000 25.612298 5.032547
  89.000000 25.624179 5.035326
  89.000000 25.636170 5.038129
  89.000000 25.648062 5.040915
  89.000000 25.659959 5.043704
  89.000000 25.671863 5.046496
  89.000000 25.683772 5.049291
  89.000000 25.695582 5.052069
  89.000000 25.707502 5.054870
  89.000000 25.719321 5.057654
  89.000000 25.731146 5.060441
  89.000000 25.742977 5.063230
  89.000000 25.754812 5.066023
  89.000000 25.766653 5.068819
  89.000000 25.778499 5.071619
  89.000000 25.790243 5.074400
  89.000000 25.802098 5.077205
  89.000000 25.813854 5.079993
  89.000000 25.825614 5.082784
  89.000000 25.837378 5.085577
  89.000000 25.849041 5.088353
  89.000000 25.860816 5.091153
  89.000000 25.872488 5.093935
  89.000000 25.884271 5.096741
  89.000000 25.895955 5.099529
  89.000000 25.907641 5.102320
  89.000000 25.919332 5.105114
  89.000000 25.930921 5.107891
  89.000000 25.942823 5.110691
  89.000000 25.954843 5.113473
  89.000000 25.966979 5.116280
  89.000000 25.979016 5.119068
  89.000000 25.991066 5.121860
  89.000000 26.003015 5.124633
  89.000000 26.015080 5.127430
  89.000000 26.027155 5.130231
  89.000000 26.039133 5.133013
  89.000000 26.051118 5.135799
  89.000000 26.063220 5.138608
  89.000000 26.075224 5.141400
  89.000000 26.087129 5.144173
  89.000000 26.099151 5.146971
  89.000000 26.111182 5.149771
  89.000000 26.123114 5.152553
  89.000000 26.135056 5.155339
  89.000000 26.147005 5.158127
  89.000000 26.158965 5.160918
  89.000000 26.170934 5.163712
  89.000000 26.182912 5.166510
  89.000000 26.194897 5.169310
  89.000000 26.206786 5.172092
  89.000000 26.218682 5.174876
  89.000000 26.230585 5.177664
  89.000000 26.242500 5.180455
  89.000000 26.254424 5.183249
  89.000000 26.266358 5.186046
  89.000000 26.278298 5.188845
  89.000000 26.290139 5.191627
  89.000000 26.301990 5.194411
  89.000000 26.313959 5.197220
  89.000000 26.325828 5.200010
  89.000000 26.337706 5.202803
  89.000000 26.349482 5.205577
  89.000000 26.361377 5.208376
  89.000000 26.373173 5.211156
  89.000000 26.385088 5.213961
  89.000000 26.396901 5.216748
  89.000000 26.408722 5.219537
  89.000000 26.420554 5.222329
  89.000000 26.432396 5.225124
  89.000000 26.444245 5.227922
  89.000000 26.456309 5.230701
  89.000000 26.468700 5.233483
  89.000000 26.481212 5.236290
  89.000000 26.493623 5.239078
  89.000000 26.506040 5.241869
  89.000000 26.518468 5.244663
  89.000000 26.530793 5.247438
  89.000000 26.543238 5.250237
  89.000000 26.555691 5.253040
  89.000000 26.568044 5.255824
  89.000000 26.580403 5.258610
  89.000000 26.592770 5.261400
  89.000000 26.605148 5.264192
  89.000000 26.617534 5.266987
  89.000000 26.629928 5.269786
  89.000000 26.642219 5.272565
  89.000000 26.654630 5.275369
  89.000000 26.666937 5.278154
  89.000000 26.679254 5.280941
  89.000000 26.691578 5.283732
  89.000000 26.703910 5.286526
  89.000000 26.716253 5.289322
  89.000000 26.728488 5.292099
  89.000000 26.740848 5.294902
  89.000000 26.753099 5.297685
  89.000000 26.765360 5.300470
  89.000000 26.777629 5.303259
  89.000000 26.789906 5.306051
  89.000000 26.802191 5.308845
  89.000000 26.814488 5.311643
  89.000000 26.826790 5.314443
  89.000000 26.838985 5.317224
  89.000000 26.851190 5.320007
  89.000000 26.863518 5.322816
  89.000000 26.875737 5.325606
  89.000000 26.887967 5.328398
  89.000000 26.900088 5.331170
  89.000000 26.912332 5.333968
  89.000000 26.924586 5.336770
  89.000000 26.936730 5.339551
  89.000000 26.948883 5.342334
  89.000000 26.961161 5.345144
  89.000000 26.973329 5.347934
  89.000000 26.985505 5.350727
  89.000000 26.997575 5.353499
  89.000000 27.009767 5.356298
  89.000000 27.021966 5.359099
  89.000000 27.033408 5.361880
  89.000000 27.044808 5.364664
  89.000000 27.056335 5.367474
  89.000000 27.067759 5.370264
  89.000000 27.079079 5.373034
  89.000000 27.090527 5.375829
  89.000000 27.101985 5.378628
  89.000000 27.113457 5.381429
  89.000000 27.124823 5.384210
  89.000000 27.136201 5.386994
  89.000000 27.147593 5.389781
  89.000000 27.158998 5.392571
  89.000000 27.170414 5.395363
  89.000000 27.181842 5.398159
  89.000000 27.193285 5.400957
  89.000000 27.204620 5.403735
  89.000000 27.216089 5.406539
  89.000000 27.227450 5.409322
  89.000000 27.238829 5.412109
  89.000000 27.250334 5.414921
  89.000000 27.261618 5.417690
  89.000000 27.273032 5.420485
  89.000000 27.284461 5.423282
  89.000000 27.295902 5.426083
  89.000000 27.307238 5.428863
  89.000000 27.318591 5.431646
  89.000000 27.330073 5.434455
  89.000000 27.341452 5.437243
  89.000000 27.352844 5.440035
  89.000000 27.364251 5.442829
  89.000000 27.375551 5.445602
  89.000000 27.386989 5.448402
  89.000000 27.398438 5.451204
  89.000000 27.409783 5.453986
  89.000000 27.421141 5.456771
  89.000000 27.432516 5.459558
  89.000000 27.443904 5.462348
  89.000000 27.455309 5.465141
  89.000000 27.466731 5.467937
  89.000000 27.478167 5.470736
  89.000000 27.489496 5.473513
  89.000000 27.500962 5.476318
  89.000000 27.512324 5.479101
  89.000000 27.524294 5.481887
  89.000000 27.536315 5.484675
  89.000000 27.548345 5.487467
  89.000000 27.560380 5.490261
  89.000000 27.572428 5.493059
  89.000000 27.584480 5.495859
  89.000000 27.596422 5.498638
  89.000000 27.608491 5.501443
  89.000000 27.620452 5.504228
  89.000000 27.632415 5.507015
  89.000000 27.644390 5.509805
  89.000000 27.656370 5.512597
  89.000000 27.668362 5.515393
  89.000000 27.680236 5.518167
  89.000000 27.692247 5.520968
  89.000000 27.704261 5.523772
  89.000000 27.716163 5.526555
  89.000000 27.728070 5.529340
  89.000000 27.739989 5.532128
  89.000000 27.751913 5.534918
  89.000000 27.763851 5.537712
  89.000000 27.775792 5.540508
  89.000000 27.787744 5.543307
  89.000000 27.799578 5.546085
  89.000000 27.811547 5.548889
  89.000000 27.823397 5.551672
  89.000000 27.835260 5.554458
  89.000000 27.847129 5.557246
  89.000000 27.859008 5.560037
  89.000000 27.870892 5.562831
  89.000000 27.882788 5.565628
  89.000000 27.894689 5.568428
  89.000000 27.906476 5.571205
  89.000000 27.918396 5.574010
  89.000000 27.930201 5.576793
  89.000000 27.942011 5.579579
  89.000000 27.953834 5.582368
  89.000000 27.965661 5.585159
  89.000000 27.977501 5.587953
  89.000000 27.989348 5.590750
  89.000000 28.001079 5.593525
  89.000000 28.012941 5.596327
  89.000000 28.024685 5.599107
  89.000000 28.036553 5.601915
  89.000000 28.048310 5.604701
  89.000000 28.060091 5.607489
  89.000000 28.071896 5.610280
  89.000000 28.083726 5.613074
  89.000000 28.095573 5.615871
  89.000000 28.107323 5.618645
  89.000000 28.119227 5.621447
  89.000000 28.131022 5.624227
  89.000000 28.142974 5.627035
  89.000000 28.154829 5.629820
  89.000000 28.166704 5.632608
  89.000000 28.178611 5.635398
  89.000000 28.190549 5.638191
  89.000000 28.202509 5.640988
  89.000000 28.214503 5.643786
  89.000000 28.226403 5.646562
  89.000000 28.238455 5.649367
  89.000000 28.250415 5.652148
  89.000000 28.262410 5.654933
  89.000000 28.274436 5.657719
  89.000000 28.286491 5.660509
  89.000000 28.298588 5.663302
  89.000000 28.310718 5.666097
  89.000000 28.322880 5.668895
  89.000000 28.335087 5.671695
  89.000000 28.347199 5.674473
  89.000000 28.359475 5.677279
  89.000000 28.371668 5.680062
  89.000000 28.383898 5.682848
  89.000000 28.396165 5.685636
  89.000000 28.408482 5.688428
  89.000000 28.420838 5.691222
  89.000000 28.433238 5.694018
  89.000000 28.445680 5.696818
  89.000000 28.458038 5.699594
  89.000000 28.470572 5.702399
  89.000000 28.483020 5.705180
  89.000000 28.495516 5.707964
  89.000000 28.508061 5.710751
  89.000000 28.520651 5.713541
  89.000000 28.533293 5.716333
  89.000000 28.545984 5.719128
  89.000000 28.558723 5.721926
  89.000000 28.571516 5.724726
  89.000000 28.584227 5.727503
  89.000000 28.596927 5.730309
  89.000000 28.609216 5.733091
  89.000000 28.621535 5.735876
  89.000000 28.633887 5.738664
  89.000000 28.646268 5.741454
  89.000000 28.658686 5.744247
  89.000000 28.671142 5.747043
  89.000000 28.683627 5.749841
  89.000000 28.696010 5.752616
  89.000000 28.708562 5.755420
  89.000000 28.721020 5.758200
  89.000000 28.733638 5.761009
  89.000000 28.746158 5.763794
  89.000000 28.758713 5.766582
  89.000000 28.771302 5.769373
  89.000000 28.783927 5.772167
  89.000000 28.796584 5.774963
  89.000000 28.809140 5.777735
  89.000000 28.821865 5.780536
  89.000000 28.834492 5.783313
  89.000000 28.847285 5.786120
  89.000000 28.859977 5.788903
  89.000000 28.872700 5.791688
  89.000000 28.885595 5.794503
  89.000000 28.898392 5.797294
  89.000000 28.911084 5.800060
  89.000000 28.923941 5.802856
  89.000000 28.936834 5.805655
  89.000000 28.949765 5.808457
  89.000000 28.962585 5.811234
  89.000000 28.975577 5.814040
  89.000000 28.988465 5.816823
  89.000000 29.001385 5.819608
  89.000000 29.014340 5.822395
  89.000000 29.027324 5.825185
  89.000000 29.040340 5.827978
  89.000000 29.053387 5.830774
  89.000000 29.066468 5.833572
  89.000000 29.079441 5.836346
  89.000000 29.092581 5.839150
  89.000000 29.105613 5.841928
  89.000000 29.118814 5.844737
  89.000000 29.131912 5.847522
  89.000000 29.144885 5.850308
  89.000000 29.157654 5.853098
  89.000000 29.170459 5.855890
  89.000000 29.183290 5.858685
  89.000000 29.196153 5.861482
  89.000000 29.208909 5.864255
  89.000000 29.221831 5.867057
  89.000000 29.234652 5.869835
  89.000000 29.247637 5.872643
  89.000000 29.260511 5.875426
  89.000000 29.273416 5.878212
  89.000000 29.286350 5.881000
  89.000000 29.299311 5.883791
  89.000000 29.312307 5.886584
  89.000000 29.325327 5.889381
  89.000000 29.338373 5.892179
  89.000000 29.351449 5.894981
  89.000000 29.364412 5.897757
  89.000000 29.377545 5.900564
  89.000000 29.390562 5.903345
  89.000000 29.403606 5.906129
  89.000000 29.416677 5.908916
  89.000000 29.429772 5.911705
  89.000000 29.442898 5.914497
  89.000000 29.456046 5.917292
  89.000000 29.469218 5.920089
  89.000000 29.482417 5.922889
  89.000000 29.495499 5.925663
  89.000000 29.508751 5.928468
  89.000000 29.521882 5.931247
  89.000000 29.535038 5.934029
  89.000000 29.548358 5.936842
  89.000000 29.561561 5.939630
  89.000000 29.574788 5.942420
  89.000000 29.588042 5.945212
  89.000000 29.601315 5.948007
  89.000000 29.614470 5.950776
  89.000000 29.627788 5.953577
  89.000000 29.641130 5.956380
  89.000000 29.654355 5.959157
  89.000000 29.667741 5.961965
  89.000000 29.681007 5.964747
  89.000000 29.694295 5.967532
  89.000000 29.707604 5.970319
  89.000000 29.720938 5.973109
  89.000000 29.734290 5.975902
  89.000000 29.747663 5.978697
  89.000000 29.762254 5.981495
  89.000000 29.776997 5.984267
  89.000000 29.791902 5.987070
  89.000000 29.806827 5.989875
  89.000000 29.821626 5.992655
  89.000000 29.836445 5.995437
  89.000000 29.851427 5.998250
  89.000000 29.866283 6.001037
  89.000000 29.881159 6.003827
  89.000000 29.896053 6.006619
  89.000000 29.910963 6.009414
  89.000000 29.925751 6.012183
  89.000000 29.940702 6.014983
  89.000000 29.955672 6.017785
  89.000000 29.970518 6.020561
  89.000000 29.985526 6.023369
  89.000000 30.000407 6.026151
  89.000000 30.015309 6.028934
  89.000000 30.030229 6.031721
  89.000000 30.045167 6.034510
  89.000000 30.060125 6.037301
  89.000000 30.075102 6.040095
  89.000000 30.090097 6.042892
  89.000000 30.105113 6.045691
  89.000000 30.119999 6.048464
  89.000000 30.135048 6.051268
  89.000000 30.149974 6.054046
  89.000000 30.165064 6.056855
  89.000000 30.180027 6.059638
  89.000000 30.195009 6.062423
  89.000000 30.210009 6.065211
  89.000000 30.225028 6.068001
  89.000000 30.240068 6.070794
  89.000000 30.255125 6.073590
  89.000000 30.270201 6.076388
  89.000000 30.285298 6.079188
  89.000000 30.300264 6.081962
  89.000000 30.315398 6.084767
  89.000000 30.330403 6.087546
  89.000000 30.345426 6.090327
  89.000000 30.360617 6.093140
  89.000000 30.375676 6.095926
  89.000000 30.390757 6.098715
  89.000000 30.403740 6.101506
  89.000000 30.416284 6.104300
  89.000000 30.428836 6.107096
  89.000000 30.441246 6.109865
  89.000000 30.453817 6.112667
  89.000000 30.466396 6.115471
  89.000000 30.478837 6.118247
  89.000000 30.491436 6.121056
  89.000000 30.503895 6.123838
  89.000000 30.516366 6.126622
  89.000000 30.528845 6.129408
  89.000000 30.541331 6.132197
  89.000000 30.553829 6.134989
  89.000000 30.566335 6.137783
  89.000000 30.578852 6.140580
  89.000000 30.591376 6.143379
  89.000000 30.603761 6.146150
  89.000000 30.616308 6.148955
  89.000000 30.628711 6.151731
  89.000000 30.641274 6.154540
  89.000000 30.653696 6.157322
  89.000000 30.666126 6.160106
  89.000000 30.678567 6.162892
  89.000000 30.691168 6.165712
  89.000000 30.703628 6.168503
  89.000000 30.715946 6.171267
  89.000000 30.728424 6.174063
  89.000000 30.740911 6.176862
  89.000000 30.753408 6.179664
  89.000000 30.765760 6.182437
  89.000000 30.778276 6.185244
  89.000000 30.790647 6.188022
  89.000000 30.803028 6.190803
  89.000000 30.815571 6.193617
  89.000000 30.827974 6.196403
  89.000000 30.840382 6.199191
