  90.000000 6.357290 1.239528
  90.000000 6.372061 1.242318
  90.000000 6.386846 1.245109
  90.000000 6.401639 1.247900
  90.000000 6.416446 1.250692
  90.000000 6.431255 1.253482
  90.000000 6.446070 1.256273
  90.000000 6.460899 1.259064
  90.000000 6.475624 1.261855
  90.000000 6.490317 1.264647
  90.000000 6.505012 1.267438
  90.000000 6.519709 1.270229
  90.000000 6.534413 1.273020
  90.000000 6.549126 1.275811
  90.000000 6.563838 1.278602
  90.000000 6.578558 1.281393
  90.000000 6.593284 1.284184
  90.000000 6.608016 1.286975
  90.000000 6.622755 1.289766
  90.000000 6.637492 1.292557
  90.000000 6.652241 1.295348
  90.000000 6.666996 1.298139
  90.000000 6.681755 1.300930
  90.000000 6.696518 1.303721
  90.000000 6.711293 1.306512
  90.000000 6.726071 1.309303
  90.000000 6.740853 1.312094
  90.000000 6.755644 1.314885
  90.000000 6.770439 1.317676
  90.000000 6.785243 1.320467
  90.000000 6.800050 1.323258
  90.000000 6.814865 1.326049
  90.000000 6.829690 1.328840
  90.000000 6.844523 1.331632
  90.000000 6.859357 1.334422
  90.000000 6.874199 1.337213
  90.000000 6.889056 1.340005
  90.000000 6.903913 1.342796
  90.000000 6.918778 1.345587
  90.000000 6.933649 1.348377
  90.000000 6.948528 1.351168
  90.000000 6.963420 1.353959
  90.000000 6.978319 1.356751
  90.000000 6.993224 1.359542
  90.000000 7.008134 1.362332
  90.000000 7.023058 1.365124
  90.000000 7.037987 1.367915
  90.000000 7.052921 1.370705
  90.000000 7.067875 1.373497
  90.000000 7.082826 1.376288
  90.000000 7.097790 1.379078
  90.000000 7.112765 1.381870
  90.000000 7.127753 1.384661
  90.000000 7.142744 1.387452
  90.000000 7.157729 1.390243
  90.000000 7.172623 1.393034
  90.000000 7.187518 1.395824
  90.000000 7.202428 1.398616
  90.000000 7.217339 1.401406
  90.000000 7.232264 1.404198
  90.000000 7.247189 1.406989
  90.000000 7.262129 1.409780
  90.000000 7.277076 1.412572
  90.000000 7.292021 1.415362
  90.000000 7.306980 1.418153
  90.000000 7.321954 1.420945
  90.000000 7.336925 1.423735
  90.000000 7.351911 1.426526
  90.000000 7.366902 1.429317
  90.000000 7.381906 1.432109
  90.000000 7.396915 1.434900
  90.000000 7.411930 1.437690
  90.000000 7.426957 1.440482
  90.000000 7.441989 1.443272
  90.000000 7.457033 1.446063
  90.000000 7.472090 1.448854
  90.000000 7.487151 1.451645
  90.000000 7.502223 1.454436
  90.000000 7.517308 1.457227
  90.000000 7.532405 1.460019
  90.000000 7.547505 1.462810
  90.000000 7.562617 1.465601
  90.000000 7.577740 1.468392
  90.000000 7.592874 1.471183
  90.000000 7.608011 1.473973
  90.000000 7.623168 1.476764
  90.000000 7.638335 1.479556
  90.000000 7.653514 1.482347
  90.000000 7.668703 1.485139
  90.000000 7.683903 1.487930
  90.000000 7.699114 1.490721
  90.000000 7.714334 1.493511
  90.000000 7.729565 1.496301
  90.000000 7.744816 1.499093
  90.000000 7.760076 1.501884
  90.000000 7.775346 1.504675
  90.000000 7.790636 1.507466
  90.000000 7.805903 1.510257
  90.000000 7.821010 1.513048
  90.000000 7.836131 1.515839
  90.000000 7.851257 1.518630
  90.000000 7.866397 1.521421
  90.000000 7.881541 1.524212
  90.000000 7.896699 1.527004
  90.000000 7.911859 1.529794
  90.000000 7.927034 1.532585
  90.000000 7.942222 1.535377
  90.000000 7.957413 1.538167
  90.000000 7.972616 1.540959
  90.000000 7.987833 1.543750
  90.000000 8.003053 1.546540
  90.000000 8.018285 1.549331
  90.000000 8.033528 1.552122
  90.000000 8.048785 1.554914
  90.000000 8.064054 1.557705
  90.000000 8.079325 1.560495
  90.000000 8.094617 1.563287
  90.000000 8.109911 1.566077
  90.000000 8.125227 1.568869
  90.000000 8.140545 1.571660
  90.000000 8.155883 1.574452
  90.000000 8.171224 1.577242
  90.000000 8.186586 1.580034
  90.000000 8.201949 1.582823
  90.000000 8.217332 1.585615
  90.000000 8.232728 1.588406
  90.000000 8.248134 1.591197
  90.000000 8.263562 1.593989
  90.000000 8.278989 1.596779
  90.000000 8.294439 1.599571
  90.000000 8.309899 1.602361
  90.000000 8.325370 1.605152
  90.000000 8.340861 1.607943
  90.000000 8.356363 1.610734
  90.000000 8.371887 1.613526
  90.000000 8.387422 1.616317
  90.000000 8.402965 1.619108
  90.000000 8.418531 1.621899
  90.000000 8.434108 1.624690
  90.000000 8.449705 1.627482
  90.000000 8.465312 1.630272
  90.000000 8.480942 1.633064
  90.000000 8.496582 1.635854
  90.000000 8.512243 1.638645
  90.000000 8.527763 1.641435
  90.000000 8.543196 1.644226
  90.000000 8.558645 1.647017
  90.000000 8.574110 1.649809
  90.000000 8.589578 1.652600
  90.000000 8.605062 1.655391
  90.000000 8.620560 1.658183
  90.000000 8.636062 1.660973
  90.000000 8.651579 1.663764
  90.000000 8.667111 1.666555
  90.000000 8.682658 1.669346
  90.000000 8.698220 1.672138
  90.000000 8.713785 1.674928
  90.000000 8.729377 1.677720
  90.000000 8.744971 1.680510
  90.000000 8.760580 1.683300
  90.000000 8.776217 1.686093
  90.000000 8.791855 1.688884
  90.000000 8.807508 1.691674
  90.000000 8.823176 1.694465
  90.000000 8.838857 1.697255
  90.000000 8.854566 1.700048
  90.000000 8.870277 1.702838
  90.000000 8.886002 1.705628
  90.000000 8.901754 1.708420
  90.000000 8.917520 1.711212
  90.000000 8.933301 1.714004
  90.000000 8.949084 1.716792
  90.000000 8.964906 1.719585
  90.000000 8.980731 1.722376
  90.000000 8.996583 1.725168
  90.000000 9.012437 1.727957
  90.000000 9.028330 1.730750
  90.000000 9.044225 1.733540
  90.000000 9.060147 1.736332
  90.000000 9.076071 1.739121
  90.000000 9.092036 1.741914
  90.000000 9.108003 1.744703
  90.000000 9.123997 1.747494
  90.000000 9.140019 1.750287
  90.000000 9.156057 1.753078
  90.000000 9.172109 1.755869
  90.000000 9.188177 1.758658
  90.000000 9.204122 1.761449
  90.000000 9.219988 1.764241
  90.000000 9.235864 1.767032
  90.000000 9.251749 1.769822
  90.000000 9.267658 1.772613
  90.000000 9.283589 1.775405
  90.000000 9.299528 1.778196
  90.000000 9.315493 1.780988
  90.000000 9.331465 1.783778
  90.000000 9.347459 1.786570
  90.000000 9.363463 1.789360
  90.000000 9.379492 1.792150
  90.000000 9.395542 1.794942
  90.000000 9.411615 1.797735
  90.000000 9.427698 1.800526
  90.000000 9.443792 1.803315
  90.000000 9.459921 1.806107
  90.000000 9.476060 1.808898
  90.000000 9.492224 1.811689
  90.000000 9.508410 1.814481
  90.000000 9.524606 1.817271
  90.000000 9.540825 1.820061
  90.000000 9.557071 1.822852
  90.000000 9.573338 1.825643
  90.000000 9.589629 1.828435
  90.000000 9.605933 1.831225
  90.000000 9.622273 1.834018
  90.000000 9.638624 1.836808
  90.000000 9.654999 1.839599
  90.000000 9.671402 1.842390
  90.000000 9.687827 1.845181
  90.000000 9.704278 1.847973
  90.000000 9.720739 1.850762
  90.000000 9.737243 1.853554
  90.000000 9.753771 1.856345
  90.000000 9.770325 1.859137
  90.000000 9.786892 1.861927
  90.000000 9.803499 1.864719
  90.000000 9.820132 1.867510
  90.000000 9.836777 1.870299
  90.000000 9.853468 1.873091
  90.000000 9.870183 1.875883
  90.000000 9.886926 1.878674
  90.000000 9.903512 1.881465
  90.000000 9.920001 1.884256
  90.000000 9.936510 1.887046
  90.000000 9.953055 1.889839
  90.000000 9.969609 1.892629
  90.000000 9.986196 1.895421
  90.000000 10.002789 1.898209
  90.000000 10.019418 1.901001
  90.000000 10.036088 1.903794
  90.000000 10.052760 1.906584
  90.000000 10.069454 1.909373
  90.000000 10.086185 1.912165
  90.000000 10.102938 1.914956
  90.000000 10.119732 1.917749
  90.000000 10.136529 1.920539
  90.000000 10.153365 1.923330
  90.000000 10.170223 1.926121
  90.000000 10.187108 1.928911
  90.000000 10.204028 1.931703
  90.000000 10.220971 1.934494
  90.000000 10.237937 1.937284
  90.000000 10.254947 1.940076
  90.000000 10.271977 1.942866
  90.000000 10.289048 1.945659
  90.000000 10.306127 1.948448
  90.000000 10.323263 1.951241
  90.000000 10.340411 1.954031
  90.000000 10.357597 1.956822
  90.000000 10.374824 1.959615
  90.000000 10.392061 1.962403
  90.000000 10.409361 1.965196
  90.000000 10.426684 1.967988
  90.000000 10.444032 1.970778
  90.000000 10.461408 1.973567
  90.000000 10.478849 1.976361
  90.000000 10.496296 1.979150
  90.000000 10.513788 1.981940
  90.000000 10.531326 1.984732
  90.000000 10.548896 1.987522
  90.000000 10.566508 1.990314
  90.000000 10.584166 1.993107
  90.000000 10.601838 1.995895
  90.000000 10.619573 1.998688
  90.000000 10.637345 2.001479
  90.000000 10.655159 2.004271
  90.000000 10.673006 2.007062
  90.000000 10.690892 2.009853
  90.000000 10.708591 2.012643
  90.000000 10.726335 2.015434
  90.000000 10.744123 2.018225
  90.000000 10.761940 2.021015
  90.000000 10.779803 2.023806
  90.000000 10.797712 2.026598
  90.000000 10.815651 2.029388
  90.000000 10.833637 2.032179
  90.000000 10.851671 2.034970
  90.000000 10.869753 2.037763
  90.000000 10.887866 2.040554
  90.000000 10.906030 2.043345
  90.000000 10.924242 2.046137
  90.000000 10.942487 2.048927
  90.000000 10.960783 2.051717
  90.000000 10.979130 2.054508
  90.000000 10.997529 2.057300
  90.000000 11.015963 2.060090
  90.000000 11.034450 2.062880
  90.000000 11.053010 2.065674
  90.000000 11.071587 2.068462
  90.000000 11.090236 2.071254
  90.000000 11.108943 2.074047
  90.000000 11.127687 2.076837
  90.000000 11.146488 2.079627
  90.000000 11.165347 2.082418
  90.000000 11.184264 2.085209
  90.000000 11.203241 2.088001
  90.000000 11.222277 2.090793
  90.000000 11.241355 2.093582
  90.000000 11.260513 2.096375
  90.000000 11.279714 2.099165
  90.000000 11.298978 2.101955
  90.000000 11.318306 2.104746
  90.000000 11.337698 2.107536
  90.000000 11.357175 2.110331
  90.000000 11.376699 2.113122
  90.000000 11.396269 2.115909
  90.000000 11.415927 2.118701
  90.000000 11.435653 2.121492
  90.000000 11.455449 2.124284
  90.000000 11.475315 2.127076
  90.000000 11.495200 2.129867
  90.000000 11.514162 2.132659
  90.000000 11.533148 2.135447
  90.000000 11.552197 2.138238
  90.000000 11.571290 2.141030
  90.000000 11.590427 2.143821
  90.000000 11.609607 2.146612
  90.000000 11.628830 2.149404
  90.000000 11.648098 2.152194
  90.000000 11.667410 2.154985
  90.000000 11.686765 2.157775
  90.000000 11.706186 2.160569
  90.000000 11.725629 2.163359
  90.000000 11.745118 2.166148
  90.000000 11.764671 2.168941
  90.000000 11.784267 2.171733
  90.000000 11.803888 2.174522
  90.000000 11.823572 2.177313
  90.000000 11.843301 2.180104
  90.000000 11.863074 2.182895
  90.000000 11.882911 2.185688
  90.000000 11.902771 2.188478
  90.000000 11.922695 2.191270
  90.000000 11.942641 2.194058
  90.000000 11.962651 2.196850
  90.000000 11.982703 2.199640
  90.000000 12.002818 2.202434
  90.000000 12.022954 2.205223
  90.000000 12.043152 2.208016
  90.000000 12.063392 2.210807
  90.000000 12.083671 2.213598
  90.000000 12.103989 2.216387
  90.000000 12.124369 2.219180
  90.000000 12.144785 2.221972
  90.000000 12.165239 2.224763
  90.000000 12.185731 2.227553
  90.000000 12.206256 2.230342
  90.000000 12.226839 2.233134
  90.000000 12.247455 2.235925
  90.000000 12.268103 2.238715
  90.000000 12.288804 2.241507
  90.000000 12.309534 2.244299
  90.000000 12.330292 2.247089
  90.000000 12.351099 2.249883
  90.000000 12.371907 2.252670
  90.000000 12.392762 2.255461
  90.000000 12.413659 2.258255
  90.000000 12.434176 2.261043
  90.000000 12.454336 2.263838
  90.000000 12.474473 2.266627
  90.000000 12.494627 2.269419
  90.000000 12.514776 2.272210
  90.000000 12.534918 2.274999
  90.000000 12.555070 2.277791
  90.000000 12.575209 2.280582
  90.000000 12.595355 2.283375
  90.000000 12.615457 2.286162
  90.000000 12.635581 2.288956
  90.000000 12.655658 2.291744
  90.000000 12.675728 2.294535
  90.000000 12.695785 2.297328
  90.000000 12.715808 2.300120
  90.000000 12.735788 2.302910
  90.000000 12.755746 2.305702
  90.000000 12.775654 2.308493
  90.000000 12.795509 2.311281
  90.000000 12.815328 2.314072
  90.000000 12.835106 2.316866
  90.000000 12.854817 2.319657
  90.000000 12.874454 2.322447
  90.000000 12.894033 2.325239
  90.000000 12.913531 2.328029
  90.000000 12.932962 2.330821
  90.000000 12.952296 2.333611
  90.000000 12.971551 2.336404
  90.000000 12.990699 2.339194
  90.000000 13.009756 2.341987
  90.000000 13.028691 2.344777
  90.000000 13.047497 2.347565
  90.000000 13.066218 2.350360
  90.000000 13.084771 2.353148
  90.000000 13.103200 2.355938
  90.000000 13.121498 2.358730
  90.000000 13.139632 2.361520
  90.000000 13.157616 2.364312
  90.000000 13.175423 2.367102
  90.000000 13.193069 2.369894
  90.000000 13.210541 2.372687
  90.000000 13.227814 2.375479
  90.000000 13.244878 2.378267
  90.000000 13.258783 2.381058
  90.000000 13.269348 2.383851
  90.000000 13.279619 2.386641
  90.000000 13.289622 2.389433
  90.000000 13.299334 2.392222
  90.000000 13.308796 2.395013
  90.000000 13.318012 2.397806
  90.000000 13.326967 2.400596
  90.000000 13.335693 2.403388
  90.000000 13.344182 2.406177
  90.000000 13.352470 2.408969
  90.000000 13.360566 2.411761
  90.000000 13.368464 2.414551
  90.000000 13.376205 2.417343
  90.000000 13.383773 2.420132
  90.000000 13.391244 2.422927
  90.000000 13.398554 2.425714
  90.000000 13.405798 2.428508
  90.000000 13.412942 2.431299
  90.000000 13.420035 2.434091
  90.000000 13.427068 2.436880
  90.000000 13.434084 2.439671
  90.000000 13.441106 2.442463
  90.000000 13.448128 2.445252
  90.000000 13.455192 2.448043
  90.000000 13.462322 2.450835
  90.000000 13.469507 2.453624
  90.000000 13.476819 2.456419
  90.000000 13.484192 2.459206
  90.000000 13.491730 2.461999
  90.000000 13.499392 2.464789
  90.000000 13.507216 2.467581
  90.000000 13.515222 2.470373
  90.000000 13.523392 2.473162
  90.000000 13.531763 2.475953
  90.000000 13.540348 2.478745
  90.000000 13.549156 2.481538
  90.000000 13.558166 2.484327
  90.000000 13.567408 2.487118
  90.000000 13.576894 2.489910
  90.000000 13.586597 2.492698
  90.000000 13.596572 2.495493
  90.000000 13.606770 2.498284
  90.000000 13.618311 2.501076
  90.000000 13.631070 2.503864
  90.000000 13.643954 2.506653
  90.000000 13.656993 2.509449
  90.000000 13.670101 2.512235
  90.000000 13.683355 2.515028
  90.000000 13.696732 2.517822
  90.000000 13.710198 2.520611
  90.000000 13.723782 2.523402
  90.000000 13.737481 2.526194
  90.000000 13.751263 2.528982
  90.000000 13.765186 2.531775
  90.000000 13.779190 2.534565
  90.000000 13.793302 2.537356
  90.000000 13.807521 2.540147
  90.000000 13.821843 2.542940
  90.000000 13.836241 2.545728
  90.000000 13.850769 2.548522
  90.000000 13.865367 2.551312
  90.000000 13.880065 2.554103
  90.000000 13.894858 2.556895
  90.000000 13.909747 2.559687
  90.000000 13.924701 2.562475
  90.000000 13.939776 2.565269
  90.000000 13.954914 2.568059
  90.000000 13.970141 2.570849
  90.000000 13.985456 2.573640
  90.000000 14.000858 2.576432
  90.000000 14.016347 2.579224
  90.000000 14.031891 2.582012
  90.000000 14.047548 2.584806
  90.000000 14.063257 2.587595
  90.000000 14.079048 2.590384
  90.000000 14.094949 2.593180
  90.000000 14.110898 2.595971
  90.000000 14.126928 2.598762
  90.000000 14.143004 2.601549
  90.000000 14.159186 2.604341
  90.000000 14.175444 2.607134
  90.000000 14.191746 2.609922
  90.000000 14.208152 2.612716
  90.000000 14.224603 2.615505
  90.000000 14.241123 2.618294
  90.000000 14.257747 2.621090
  90.000000 14.274411 2.623880
  90.000000 14.291145 2.626670
  90.000000 14.307950 2.629461
  90.000000 14.325463 2.632252
  90.000000 14.343063 2.635044
  90.000000 14.360700 2.637836
  90.000000 14.378344 2.640623
  90.000000 14.396056 2.643415
  90.000000 14.413807 2.646208
  90.000000 14.431595 2.649001
  90.000000 14.449391 2.651788
  90.000000 14.467256 2.654582
  90.000000 14.485130 2.657370
  90.000000 14.503074 2.660163
  90.000000 14.521026 2.662952
  90.000000 14.539050 2.665746
  90.000000 14.557082 2.668534
  90.000000 14.575187 2.671328
  90.000000 14.593300 2.674117
  90.000000 14.611455 2.676906
  90.000000 14.629682 2.679700
  90.000000 14.647920 2.682489
  90.000000 14.666231 2.685283
  90.000000 14.684553 2.688072
  90.000000 14.702918 2.690861
  90.000000 14.721359 2.693655
  90.000000 14.739810 2.696444
  90.000000 14.758338 2.699238
  90.000000 14.776877 2.702026
  90.000000 14.795493 2.704820
  90.000000 14.814122 2.707608
  90.000000 14.832829 2.710402
  90.000000 14.851549 2.713190
  90.000000 14.870348 2.715983
  90.000000 14.889194 2.718777
  90.000000 14.908054 2.721564
  90.000000 14.926995 2.724357
  90.000000 14.945983 2.727149
  90.000000 14.964987 2.729935
  90.000000 14.984073 2.732727
  90.000000 15.003209 2.735519
  90.000000 15.022395 2.738310
  90.000000 15.041631 2.741101
  90.000000 15.060918 2.743891
  90.000000 15.080256 2.746682
  90.000000 15.099680 2.749477
  90.000000 15.118242 2.752267
  90.000000 15.136782 2.755055
  90.000000 15.155390 2.757850
  90.000000 15.173998 2.760638
  90.000000 15.192673 2.763431
  90.000000 15.211385 2.766224
  90.000000 15.230096 2.769011
  90.000000 15.248877 2.771802
  90.000000 15.267694 2.774594
  90.000000 15.286545 2.777384
  90.000000 15.305434 2.780175
  90.000000 15.324392 2.782970
  90.000000 15.343352 2.785759
  90.000000 15.362350 2.788547
  90.000000 15.381418 2.791341
  90.000000 15.400523 2.794134
  90.000000 15.419634 2.796920
  90.000000 15.438815 2.799712
  90.000000 15.458036 2.802502
  90.000000 15.477329 2.805299
  90.000000 15.496627 2.808088
  90.000000 15.515965 2.810877
  90.000000 15.535376 2.813671
  90.000000 15.554792 2.816457
  90.000000 15.574286 2.819250
  90.000000 15.593818 2.822041
  90.000000 15.613393 2.824831
  90.000000 15.633008 2.827621
  90.000000 15.652701 2.830416
  90.000000 15.672402 2.833204
  90.000000 15.692179 2.835997
  90.000000 15.712000 2.838789
  90.000000 15.731866 2.841580
  90.000000 15.751774 2.844370
  90.000000 15.771729 2.847159
  90.000000 15.791762 2.849954
  90.000000 15.811805 2.852741
  90.000000 15.831932 2.855533
  90.000000 15.852102 2.858325
  90.000000 15.872320 2.861115
  90.000000 15.892624 2.863910
  90.000000 15.912936 2.866698
  90.000000 15.933336 2.869491
  90.000000 15.953782 2.872283
  90.000000 15.974278 2.875074
  90.000000 15.994825 2.877864
  90.000000 16.015371 2.880652
  90.000000 16.035919 2.883445
  90.000000 16.056512 2.886238
  90.000000 16.077148 2.889029
  90.000000 16.097832 2.891819
  90.000000 16.118559 2.894607
  90.000000 16.139374 2.897401
  90.000000 16.160236 2.900193
  90.000000 16.181144 2.902984
  90.000000 16.202103 2.905773
  90.000000 16.223111 2.908561
  90.000000 16.244204 2.911355
  90.000000 16.265350 2.914147
  90.000000 16.286547 2.916937
  90.000000 16.307793 2.919726
  90.000000 16.329132 2.922520
  90.000000 16.350525 2.925313
  90.000000 16.371968 2.928104
  90.000000 16.393468 2.930894
  90.000000 16.415023 2.933681
  90.000000 16.436669 2.936475
  90.000000 16.458375 2.939266
  90.000000 16.480138 2.942056
  90.000000 16.501956 2.944844
  90.000000 16.523874 2.947638
  90.000000 16.545852 2.950429
  90.000000 16.567887 2.953219
  90.000000 16.590026 2.956015
  90.000000 16.612184 2.958801
  90.000000 16.634447 2.961593
  90.000000 16.656773 2.964383
  90.000000 16.679201 2.967178
  90.000000 16.701657 2.969964
  90.000000 16.724219 2.972756
  90.000000 16.746885 2.975552
  90.000000 16.769582 2.978340
  90.000000 16.792389 2.981133
  90.000000 16.815262 2.983924
  90.000000 16.838209 2.986713
  90.000000 16.861269 2.989507
  90.000000 16.884357 2.992292
  90.000000 16.907605 2.995090
  90.000000 16.930887 2.997878
  90.000000 16.954331 3.000671
  90.000000 16.977932 3.003462
  90.000000 17.001614 3.006252
  90.000000 17.025377 3.009039
  90.000000 17.049266 3.011831
  90.000000 17.073239 3.014621
  90.000000 17.097339 3.017416
  90.000000 17.121485 3.020202
  90.000000 17.145761 3.022993
  90.000000 17.170170 3.025789
  90.000000 17.194627 3.028576
  90.000000 17.219216 3.031367
  90.000000 17.243945 3.034164
  90.000000 17.268728 3.036951
  90.000000 17.293651 3.039743
  90.000000 17.318672 3.042533
  90.000000 17.343837 3.045328
  90.000000 17.369062 3.048113
  90.000000 17.394433 3.050903
  90.000000 17.419953 3.053699
  90.000000 17.445580 3.056492
  90.000000 17.471317 3.059282
  90.000000 17.497165 3.062070
  90.000000 17.523169 3.064863
  90.000000 17.549287 3.067654
  90.000000 17.575523 3.070442
  90.000000 17.601921 3.073235
  90.000000 17.628441 3.076026
  90.000000 17.655083 3.078814
  90.000000 17.681894 3.081607
  90.000000 17.708833 3.084397
  90.000000 17.735946 3.087193
  90.000000 17.763147 3.089978
  90.000000 17.790526 3.092768
  90.000000 17.818086 3.095564
  90.000000 17.845786 3.098356
  90.000000 17.873628 3.101146
  90.000000 17.901614 3.103933
  90.000000 17.929792 3.106726
  90.000000 17.958119 3.109515
  90.000000 17.986645 3.112310
  90.000000 18.015326 3.115101
  90.000000 18.044165 3.117890
  90.000000 18.072406 3.120684
  90.000000 18.099525 3.123475
  90.000000 18.126760 3.126263
  90.000000 18.154158 3.129056
  90.000000 18.181676 3.131846
  90.000000 18.209368 3.134641
  90.000000 18.237130 3.137425
  90.000000 18.265111 3.140222
  90.000000 18.293172 3.143009
  90.000000 18.321410 3.145800
  90.000000 18.349827 3.148596
  90.000000 18.378331 3.151381
  90.000000 18.407065 3.154179
  90.000000 18.435899 3.156966
  90.000000 18.464914 3.159758
  90.000000 18.494073 3.162546
  90.000000 18.523425 3.165340
  90.000000 18.552926 3.168130
  90.000000 18.582580 3.170918
  90.000000 18.612434 3.173710
  90.000000 18.642494 3.176507
  90.000000 18.672666 3.179293
  90.000000 18.703057 3.182083
  90.000000 18.733653 3.184879
  90.000000 18.764419 3.187671
  90.000000 18.795357 3.190460
  90.000000 18.826469 3.193246
  90.000000 18.857857 3.196044
  90.000000 18.889379 3.198831
  90.000000 18.921134 3.201623
  90.000000 18.953087 3.204412
  90.000000 18.985272 3.207206
  90.000000 19.017653 3.209996
  90.000000 19.050284 3.212790
  90.000000 19.083068 3.215573
  90.000000 19.116159 3.218370
  90.000000 19.149462 3.221162
  90.000000 19.182981 3.223952
  90.000000 19.216779 3.226746
  90.000000 19.250793 3.229536
  90.000000 19.285035 3.232323
  90.000000 19.319560 3.235115
  90.000000 19.354325 3.237903
  90.000000 19.389382 3.240696
  90.000000 19.424688 3.243485
  90.000000 19.460298 3.246279
  90.000000 19.496178 3.249069
  90.000000 19.531756 3.251864
  90.000000 19.567450 3.254656
  90.000000 19.603396 3.257443
  90.000000 19.639651 3.260236
  90.000000 19.676167 3.263024
  90.000000 19.713003 3.265818
  90.000000 19.750112 3.268607
  90.000000 19.787551 3.271402
  90.000000 19.825274 3.274192
  90.000000 19.863287 3.276979
  90.000000 19.901649 3.279770
  90.000000 19.940366 3.282566
  90.000000 19.979337 3.285349
  90.000000 20.018731 3.288146
  90.000000 20.058445 3.290939
  90.000000 20.098489 3.293728
  90.000000 20.138921 3.296522
  90.000000 20.179696 3.299311
  90.000000 20.220821 3.302097
  90.000000 20.262358 3.304887
  90.000000 20.304315 3.307682
  90.000000 20.346645 3.310473
  90.000000 20.389358 3.313260
  90.000000 20.432515 3.316051
  90.000000 20.476127 3.318847
  90.000000 20.520147 3.321639
  90.000000 20.564585 3.324427
  90.000000 20.609505 3.327219
  90.000000 20.654862 3.330007
  90.000000 20.700722 3.332800
  90.000000 20.747039 3.335589
  90.000000 20.793880 3.338382
  90.000000 20.841201 3.341171
  90.000000 20.889069 3.343964
  90.000000 20.937438 3.346753
  90.000000 20.986379 3.349547
  90.000000 21.035846 3.352337
  90.000000 21.085910 3.355131
  90.000000 21.136527 3.357921
  90.000000 21.187768 3.360715
  90.000000 21.239589 3.363505
  90.000000 21.292004 3.366290
  90.000000 21.345087 3.369080
  90.000000 21.396704 3.371875
  90.000000 21.448440 3.374665
  90.000000 21.500775 3.377459
  90.000000 21.553710 3.380249
  90.000000 21.607236 3.383035
  90.000000 21.661484 3.385834
  90.000000 21.716294 3.388620
  90.000000 21.771797 3.391410
  90.000000 21.828011 3.394204
  90.000000 21.884890 3.396994
  90.000000 21.942514 3.399789
  90.000000 22.000836 3.402578
  90.000000 22.059875 3.405363
  90.000000 22.119745 3.408162
  90.000000 22.180334 3.410947
  90.000000 22.241757 3.413736
  90.000000 22.304035 3.416530
  90.000000 22.367126 3.419319
  90.000000 22.431113 3.422113
  90.000000 22.495956 3.424901
  90.000000 22.561740 3.427695
  90.000000 22.628425 3.430483
  90.000000 22.696097 3.433276
  90.000000 22.764784 3.436073
  90.000000 22.834349 3.438856
  90.000000 22.905074 3.441653
  90.000000 22.976829 3.444445
  90.000000 23.049640 3.447232
  90.000000 23.123599 3.450023
  90.000000 23.198738 3.452819
  90.000000 23.275021 3.455610
  90.000000 23.352481 3.458396
  90.000000 23.431217 3.461186
  90.000000 23.511259 3.463981
  90.000000 23.592579 3.466770
  90.000000 23.675236 3.469564
  90.000000 23.759285 3.472353
  90.000000 23.844786 3.475146
  90.000000 23.931715 3.477934
  90.000000 24.020179 3.480727
  90.000000 24.110149 3.483514
  90.000000 24.201737 3.486305
  90.000000 24.294991 3.489102
  90.000000 24.389881 3.491892
  90.000000 24.486458 3.494678
  90.000000 24.584835 3.497468
  90.000000 24.686471 3.500262
  90.000000 24.794152 3.503051
  90.000000 24.904138 3.505844
  90.000000 25.016320 3.508632
  90.000000 25.130948 3.511424
  90.000000 25.247983 3.514221
  90.000000 25.367542 3.517012
  90.000000 25.489582 3.519798
  90.000000 25.614372 3.522588
  90.000000 25.741869 3.525383
  90.000000 25.872204 3.528172
  90.000000 26.005402 3.530965
  90.000000 26.141603 3.533753
  90.000000 26.280826 3.536545
  90.000000 26.423290 3.539341
  90.000000 26.568859 3.542132
  90.000000 26.717754 3.544917
  90.000000 26.869979 3.547707
  90.000000 27.025757 3.550500
  90.000000 27.184923 3.553289
  90.000000 27.347773 3.556081
  90.000000 27.514198 3.558878
  90.000000 27.684327 3.561669
  90.000000 27.858018 3.564454
  90.000000 28.035539 3.567244
  90.000000 28.216709 3.570037
  90.000000 28.401599 3.572825
  90.000000 28.590050 3.575618
  90.000000 28.782166 3.578414
  90.000000 28.977544 3.581205
  90.000000 29.176207 3.583990
  90.000000 29.377898 3.586789
  90.000000 29.582277 3.589572
  90.000000 29.789030 3.592370
  90.000000 29.997745 3.595162
  90.000000 30.207665 3.597947
  90.000000 30.418440 3.600737
  90.000000 30.629020 3.603532
  90.000000 30.838655 3.606320
  90.000000 31.046051 3.609112
  90.000000 31.250201 3.611909
  90.000000 31.449246 3.614699
  90.000000 31.641755 3.617484
  90.000000 31.831642 3.620272
  90.000000 32.031968 3.623065
  90.000000 32.227253 3.625862
  90.000000 32.415792 3.628653
  90.000000 32.595938 3.631438
  90.000000 32.765871 3.634238
  90.000000 32.923025 3.637020
  90.000000 33.065416 3.639817
  90.000000 33.190298 3.642609
  90.000000 33.294948 3.645393
  90.000000 33.376741 3.648193
  90.000000 33.432706 3.650975
  90.000000 33.460317 3.653773
  90.000000 33.456997 3.656563
  90.000000 33.420403 3.659348
  90.000000 33.348974 3.662147
  90.000000 33.241499 3.664929
  90.000000 33.097560 3.667727
  90.000000 32.917660 3.670517
  90.000000 32.703530 3.673312
  90.000000 32.457106 3.676100
  90.000000 32.182431 3.678893
  90.000000 31.883714 3.681678
  90.000000 31.566221 3.684468
  90.000000 31.235754 3.687262
  90.000000 30.898057 3.690050
  90.000000 30.559021 3.692842
  90.000000 30.223771 3.695637
  90.000000 29.896442 3.698426
  90.000000 29.580311 3.701220
  90.000000 29.277164 3.704006
  90.000000 28.987848 3.706797
  90.000000 28.712178 3.709592
  90.000000 28.449177 3.712380
  90.000000 28.197702 3.715172
  90.000000 27.956291 3.717968
  90.000000 27.723412 3.720758
  90.000000 27.497804 3.723540
  90.000000 27.278476 3.726338
  90.000000 27.064379 3.729129
  90.000000 26.854853 3.731924
  90.000000 26.649247 3.734711
  90.000000 26.447266 3.737503
  90.000000 26.169927 3.740288
  90.000000 25.712597 3.743078
  90.000000 25.286021 3.745871
  90.000000 24.887181 3.748668
  90.000000 24.513534 3.751459
  90.000000 24.163005 3.754242
  90.000000 23.833995 3.757040
  90.000000 23.524863 3.759832
  90.000000 23.234342 3.762616
  90.000000 22.961463 3.765415
  90.000000 22.705091 3.768196
  90.000000 22.464590 3.770993
  90.000000 22.239130 3.773782
  90.000000 22.028122 3.776575
  90.000000 21.830957 3.779361
  90.000000 21.647241 3.782163
  90.000000 21.476298 3.784945
  90.000000 21.317873 3.787744
  90.000000 21.171371 3.790534
  90.000000 21.036346 3.793318
  90.000000 20.912439 3.796117
  90.000000 20.799048 3.798908
  90.000000 20.695646 3.801692
  90.000000 20.601768 3.804480
  90.000000 20.516858 3.807273
  90.000000 20.440348 3.810069
  90.000000 20.371602 3.812857
  90.000000 20.310106 3.815650
  90.000000 20.255242 3.818435
  90.000000 20.206584 3.821236
  90.000000 20.163419 3.824018
  90.000000 20.125444 3.826815
  90.000000 20.092063 3.829605
  90.000000 20.062907 3.832398
  90.000000 20.037514 3.835184
  90.000000 20.015582 3.837974
  90.000000 19.996773 3.840768
  90.000000 19.980724 3.843554
  90.000000 19.967286 3.846356
  90.000000 19.956027 3.849138
  90.000000 19.946908 3.851937
  90.000000 19.939609 3.854727
  90.000000 19.933951 3.857510
  90.000000 19.929894 3.860308
  90.000000 19.927177 3.863099
  90.000000 19.925729 3.865893
  90.000000 19.925375 3.868680
  90.000000 19.935975 3.871470
  90.000000 19.950673 3.874265
  90.000000 19.965162 3.877051
  90.000000 19.979519 3.879842
  90.000000 19.993747 3.882636
  90.000000 20.007798 3.885422
  90.000000 20.021744 3.888213
  90.000000 20.035591 3.891007
  90.000000 20.049285 3.893793
  90.000000 20.062900 3.896583
  90.000000 20.076438 3.899378
  90.000000 20.089909 3.902176
  90.000000 20.103259 3.904966
  90.000000 20.116552 3.907759
  90.000000 20.129732 3.910545
  90.000000 20.142872 3.913335
  90.000000 20.155971 3.916128
  90.000000 20.168973 3.918913
  90.000000 20.182013 3.921715
  90.000000 20.194897 3.924495
  90.000000 20.207825 3.927292
  90.000000 20.220672 3.930081
  90.000000 20.233508 3.932873
  90.000000 20.246331 3.935670
  90.000000 20.259083 3.938458
  90.000000 20.271834 3.941250
  90.000000 20.284517 3.944033
  90.000000 20.297265 3.946833
  90.000000 20.309955 3.949624
  90.000000 20.322583 3.952406
  90.000000 20.335284 3.955206
  90.000000 20.347934 3.957996
  90.000000 20.360527 3.960778
  90.000000 20.373198 3.963576
  90.000000 20.385823 3.966366
  90.000000 20.398461 3.969159
  90.000000 20.411052 3.971944
  90.000000 20.423665 3.974732
  90.000000 20.436296 3.977525
  90.000000 20.448948 3.980321
  90.000000 20.461561 3.983109
  90.000000 20.474194 3.985901
  90.000000 20.486852 3.988696
  90.000000 20.501503 3.991483
  90.000000 20.516866 3.994273
  90.000000 20.532139 3.997067
  90.000000 20.547253 3.999853
  90.000000 20.562349 4.002655
  90.000000 20.577225 4.005435
  90.000000 20.592088 4.008232
  90.000000 20.606804 4.011020
  90.000000 20.621448 4.013812
  90.000000 20.636017 4.016607
  90.000000 20.650452 4.019394
  90.000000 20.664819 4.022184
  90.000000 20.679125 4.024979
  90.000000 20.693302 4.027764
  90.000000 20.707424 4.030553
  90.000000 20.721489 4.033345
  90.000000 20.735506 4.036142
  90.000000 20.749405 4.038930
  90.000000 20.763260 4.041721
  90.000000 20.777069 4.044516
  90.000000 20.790774 4.047302
  90.000000 20.804438 4.050091
  90.000000 20.818069 4.052885
  90.000000 20.831665 4.055682
  90.000000 20.845166 4.058470
  90.000000 20.858635 4.061262
  90.000000 20.872082 4.064058
  90.000000 20.885436 4.066844
  90.000000 20.898767 4.069634
  90.000000 20.912081 4.072427
  90.000000 20.925306 4.075212
  90.000000 20.938518 4.078000
  90.000000 20.951714 4.080791
  90.000000 20.964901 4.083587
  90.000000 20.978005 4.086373
  90.000000 20.991174 4.089176
  90.000000 21.004194 4.091957
  90.000000 21.017281 4.094754
  90.000000 21.030293 4.097542
  90.000000 21.043305 4.100333
  90.000000 21.056313 4.103129
  90.000000 21.069255 4.105914
  90.000000 21.082195 4.108704
  90.000000 21.095142 4.111497
  90.000000 21.108089 4.114294
  90.000000 21.120976 4.117081
  90.000000 21.134187 4.119872
  90.000000 21.149271 4.122666
  90.000000 21.164283 4.125451
  90.000000 21.179302 4.128240
  90.000000 21.194324 4.131032
  90.000000 21.209347 4.133828
  90.000000 21.224305 4.136614
  90.000000 21.239263 4.139404
  90.000000 21.254228 4.142197
  90.000000 21.269198 4.144994
  90.000000 21.284098 4.147782
  90.000000 21.299005 4.150573
  90.000000 21.313914 4.153367
  90.000000 21.328760 4.156152
  90.000000 21.343610 4.158940
  90.000000 21.358463 4.161732
  90.000000 21.373325 4.164528
  90.000000 21.388121 4.167314
  90.000000 21.402991 4.170117
  90.000000 21.417727 4.172896
  90.000000 21.432539 4.175693
  90.000000 21.447288 4.178479
  90.000000 21.462044 4.181269
  90.000000 21.476804 4.184063
  90.000000 21.491574 4.186861
  90.000000 21.506277 4.189648
  90.000000 21.520991 4.192439
  90.000000 21.535712 4.195233
  90.000000 21.550367 4.198018
  90.000000 21.565031 4.200805
  90.000000 21.579702 4.203597
  90.000000 21.594386 4.206392
  90.000000 21.609079 4.209191
  90.000000 21.623704 4.211980
  90.000000 21.638342 4.214772
  90.000000 21.652916 4.217553
  90.000000 21.667571 4.220353
  90.000000 21.682166 4.223141
  90.000000 21.696769 4.225934
  90.000000 21.711310 4.228716
  90.000000 21.725937 4.231516
  90.000000 21.740498 4.234305
  90.000000 21.755074 4.237098
  90.000000 21.769568 4.239880
  90.000000 21.784054 4.242680
  90.000000 21.798480 4.245469
  90.000000 21.812926 4.248262
  90.000000 21.827309 4.251044
  90.000000 21.841783 4.253845
  90.000000 21.856197 4.256634
  90.000000 21.870631 4.259427
  90.000000 21.885002 4.262209
  90.000000 21.899464 4.265010
  90.000000 21.913866 4.267799
  90.000000 21.928288 4.270592
  90.000000 21.942646 4.273374
  90.000000 21.957096 4.276174
  90.000000 21.971486 4.278964
  90.000000 21.985895 4.281757
  90.000000 22.000241 4.284538
  90.000000 22.014679 4.287339
  90.000000 22.029056 4.290128
  90.000000 22.043453 4.292920
  90.000000 22.057787 4.295702
  90.000000 22.072212 4.298502
  90.000000 22.086580 4.301290
  90.000000 22.100962 4.304082
  90.000000 22.115359 4.306878
  90.000000 22.129694 4.309663
  90.000000 22.144051 4.312451
  90.000000 22.158419 4.315243
  90.000000 22.172803 4.318038
  90.000000 22.187127 4.320822
  90.000000 22.201469 4.323610
  90.000000 22.215824 4.326401
  90.000000 22.230196 4.329195
  90.000000 22.244584 4.331994
  90.000000 22.258913 4.334781
  90.000000 22.273255 4.337571
  90.000000 22.287615 4.340365
  90.000000 22.301911 4.343147
  90.000000 22.316305 4.345949
  90.000000 22.330635 4.348738
  90.000000 22.344981 4.351531
  90.000000 22.359267 4.354313
  90.000000 22.373646 4.357113
  90.000000 22.388022 4.359902
  90.000000 22.402717 4.362694
  90.000000 22.417431 4.365489
  90.000000 22.432082 4.368273
  90.000000 22.446754 4.371061
  90.000000 22.461440 4.373852
  90.000000 22.476150 4.376646
  90.000000 22.490874 4.379445
  90.000000 22.505541 4.382231
  90.000000 22.520222 4.385021
  90.000000 22.534926 4.387814
  90.000000 22.549565 4.390595
  90.000000 22.564305 4.393396
  90.000000 22.578981 4.396184
  90.000000 22.593679 4.398976
  90.000000 22.608395 4.401772
  90.000000 22.623045 4.404555
  90.000000 22.637719 4.407342
  90.000000 22.652406 4.410133
  90.000000 22.667116 4.412927
  90.000000 22.681841 4.415725
  90.000000 22.696507 4.418510
  90.000000 22.711188 4.421299
  90.000000 22.725891 4.424091
  90.000000 22.740609 4.426887
  90.000000 22.755268 4.429671
  90.000000 22.770023 4.432474
  90.000000 22.784719 4.435265
  90.000000 22.799352 4.438043
  90.000000 22.814081 4.440841
  90.000000 22.828751 4.443626
  90.000000 22.843436 4.446415
  90.000000 22.858142 4.449207
  90.000000 22.872864 4.452003
  90.000000 22.887608 4.454802
  90.000000 22.902285 4.457589
  90.000000 22.916984 4.460379
  90.000000 22.931697 4.463173
  90.000000 22.946351 4.465955
  90.000000 22.961102 4.468755
  90.000000 22.975793 4.471544
  90.000000 22.990502 4.474335
  90.000000 23.005225 4.477130
  90.000000 23.019889 4.479913
  90.000000 23.034567 4.482699
  90.000000 23.049351 4.485504
  90.000000 23.063983 4.488281
  90.000000 23.078703 4.491078
  90.000000 23.093428 4.493877
  90.000000 23.108091 4.496664
  90.000000 23.122767 4.499455
  90.000000 23.137462 4.502249
  90.000000 23.152089 4.505030
  90.000000 23.166819 4.507831
  90.000000 23.181487 4.510619
  90.000000 23.196167 4.513410
  90.000000 23.210866 4.516205
  90.000000 23.225496 4.518987
  90.000000 23.240149 4.521772
  90.000000 23.254900 4.524577
  90.000000 23.269584 4.527370
  90.000000 23.284200 4.530149
  90.000000 23.298924 4.532948
  90.000000 23.313574 4.535734
  90.000000 23.328243 4.538523
  90.000000 23.342929 4.541316
  90.000000 23.357637 4.544112
  90.000000 23.372273 4.546895
  90.000000 23.387011 4.549698
  90.000000 23.401682 4.552488
  90.000000 23.416287 4.555265
  90.000000 23.430993 4.558061
  90.000000 23.445715 4.560862
  90.000000 23.460369 4.563648
  90.000000 23.475044 4.566439
  90.000000 23.489732 4.569232
  90.000000 23.504351 4.572012
  90.000000 23.519075 4.574813
  90.000000 23.533732 4.577600
  90.000000 23.548404 4.580390
  90.000000 23.563093 4.583184
  90.000000 23.577798 4.585981
  90.000000 23.592438 4.588765
  90.000000 23.607091 4.591552
  90.000000 23.621762 4.594342
  90.000000 23.636449 4.597136
  90.000000 23.651159 4.599933
  90.000000 23.665792 4.602716
  90.000000 23.680444 4.605503
  90.000000 23.695200 4.608311
  90.000000 23.709267 4.611087
  90.000000 23.723084 4.613884
  90.000000 23.736827 4.616667
  90.000000 23.750671 4.619471
  90.000000 23.764440 4.622261
  90.000000 23.778221 4.625054
  90.000000 23.791925 4.627834
  90.000000 23.805732 4.630634
  90.000000 23.819462 4.633420
  90.000000 23.833205 4.636209
  90.000000 23.846961 4.639002
  90.000000 23.860728 4.641798
  90.000000 23.874419 4.644581
  90.000000 23.888212 4.647384
  90.000000 23.901928 4.650173
  90.000000 23.915657 4.652965
  90.000000 23.929307 4.655743
  90.000000 23.943060 4.658542
  90.000000 23.956736 4.661327
  90.000000 23.970423 4.664115
  90.000000 23.984122 4.666906
  90.000000 23.997834 4.669701
  90.000000 24.011558 4.672499
  90.000000 24.025204 4.675283
  90.000000 24.038862 4.678070
  90.000000 24.052531 4.680861
  90.000000 24.066212 4.683655
  90.000000 24.079906 4.686452
  90.000000 24.093520 4.689235
  90.000000 24.107237 4.692038
  90.000000 24.120874 4.694828
  90.000000 24.134524 4.697621
  90.000000 24.148094 4.700399
  90.000000 24.161767 4.703198
  90.000000 24.175360 4.705983
  90.000000 24.188963 4.708771
  90.000000 24.202579 4.711563
  90.000000 24.216207 4.714357
  90.000000 24.229846 4.717156
  90.000000 24.243404 4.719939
  90.000000 24.256972 4.722726
  90.000000 24.270646 4.725534
  90.000000 24.284145 4.728309
  90.000000 24.297748 4.731106
  90.000000 24.311363 4.733906
  90.000000 24.324894 4.736691
  90.000000 24.338410 4.739479
  90.000000 24.351244 4.742271
  90.000000 24.364086 4.745066
  90.000000 24.376841 4.747846
  90.000000 24.389696 4.750648
  90.000000 24.402465 4.753434
  90.000000 24.415240 4.756224
  90.000000 24.428022 4.759018
  90.000000 24.440812 4.761814
  90.000000 24.453513 4.764596
  90.000000 24.466315 4.767399
  90.000000 24.479030 4.770187
  90.000000 24.491750 4.772978
  90.000000 24.504478 4.775772
  90.000000 24.517117 4.778552
  90.000000 24.529857 4.781353
  90.000000 24.542508 4.784139
  90.000000 24.555166 4.786928
  90.000000 24.567829 4.789720
  90.000000 24.580499 4.792516
  90.000000 24.593079 4.795297
  90.000000 24.605760 4.798099
  90.000000 24.618352 4.800886
  90.000000 24.630949 4.803676
  90.000000 24.643552 4.806469
  90.000000 24.656161 4.809266
  90.000000 24.668678 4.812047
  90.000000 24.681201 4.814831
  90.000000 24.693826 4.817638
  90.000000 24.706360 4.820428
  90.000000 24.718803 4.823204
  90.000000 24.731347 4.826001
  90.000000 24.743897 4.828802
  90.000000 24.756355 4.831587
  90.000000 24.768817 4.834375
  90.000000 24.781285 4.837166
  90.000000 24.793757 4.839961
  90.000000 24.806137 4.842740
  90.000000 24.818618 4.845541
  90.000000 24.831007 4.848327
  90.000000 24.843399 4.851115
  90.000000 24.855797 4.853907
  90.000000 24.868198 4.856702
  90.000000 24.880582 4.859500
  90.000000 24.892470 4.862283
  90.000000 24.904363 4.865068
  90.000000 24.916360 4.867876
  90.000000 24.928265 4.870668
  90.000000 24.940078 4.873444
  90.000000 24.951994 4.876243
  90.000000 24.963817 4.879025
  90.000000 24.975745 4.881830
  90.000000 24.987573 4.884619
  90.000000 24.999413 4.887411
  90.000000 25.011258 4.890206
  90.000000 25.023010 4.892985
  90.000000 25.034867 4.895786
  90.000000 25.046629 4.898572
  90.000000 25.058397 4.901360
  90.000000 25.070171 4.904152
  90.000000 25.081949 4.906947
  90.000000 25.093633 4.909726
  90.000000 25.105420 4.912527
  90.000000 25.117115 4.915312
  90.000000 25.128813 4.918100
  90.000000 25.140517 4.920892
  90.000000 25.152227 4.923686
  90.000000 25.163941 4.926484
  90.000000 25.175560 4.929265
  90.000000 25.187284 4.932069
  90.000000 25.198913 4.934857
  90.000000 25.210547 4.937647
  90.000000 25.222185 4.940441
  90.000000 25.233729 4.943219
  90.000000 25.245377 4.946019
  90.000000 25.256929 4.948802
  90.000000 25.268587 4.951609
  90.000000 25.280149 4.954399
  90.000000 25.291614 4.957172
  90.000000 25.303185 4.959968
  90.000000 25.314761 4.962768
  90.000000 25.326239 4.965550
  90.000000 25.337723 4.968336
  90.000000 25.349313 4.971145
  90.000000 25.360805 4.973937
  90.000000 25.372201 4.976712
  90.000000 25.383741 4.979510
  90.000000 25.395816 4.982292
  90.000000 25.408001 4.985096
  90.000000 25.420091 4.987884
  90.000000 25.432187 4.990675
  90.000000 25.444289 4.993469
  90.000000 25.456397 4.996266
  90.000000 25.468409 4.999046
  90.000000 25.480426 5.001829
  90.000000 25.492554 5.004635
  90.000000 25.504585 5.007424
  90.000000 25.516621 5.010217
  90.000000 25.528561 5.012992
  90.000000 25.540609 5.015791
  90.000000 25.552662 5.018593
  90.000000 25.564619 5.021377
  90.000000 25.576582 5.024165
  90.000000 25.588550 5.026956
  90.000000 25.600524 5.029750
  90.000000 25.612503 5.032547
  90.000000 25.624385 5.035326
  90.000000 25.636375 5.038129
  90.000000 25.648267 5.040915
  90.000000 25.660165 5.043704
  90.000000 25.672069 5.046496
  90.000000 25.683977 5.049291
  90.000000 25.695788 5.052069
  90.000000 25.707707 5.054870
  90.000000 25.719527 5.057654
  90.000000 25.731352 5.060441
  90.000000 25.743183 5.063230
  90.000000 25.755018 5.066023
  90.000000 25.766858 5.068819
  90.000000 25.778705 5.071619
  90.000000 25.790449 5.074400
  90.000000 25.802304 5.077205
  90.000000 25.814060 5.079993
  90.000000 25.825819 5.082784
  90.000000 25.837584 5.085577
  90.000000 25.849247 5.088353
  90.000000 25.861022 5.091153
  90.000000 25.872694 5.093935
  90.000000 25.884477 5.096741
  90.000000 25.896161 5.099529
  90.000000 25.907847 5.102320
  90.000000 25.919538 5.105114
  90.000000 25.931127 5.107891
  90.000000 25.943030 5.110691
  90.000000 25.955051 5.113473
  90.000000 25.967189 5.116280
  90.000000 25.979228 5.119068
  90.000000 25.991279 5.121860
  90.000000 26.003229 5.124633
  90.000000 26.015295 5.127430
  90.000000 26.027372 5.130231
  90.000000 26.039352 5.133013
  90.000000 26.051339 5.135799
  90.000000 26.063442 5.138608
  90.000000 26.075447 5.141400
  90.000000 26.087354 5.144173
  90.000000 26.099378 5.146971
  90.000000 26.111411 5.149771
  90.000000 26.123345 5.152553
  90.000000 26.135288 5.155339
  90.000000 26.147239 5.158127
  90.000000 26.159201 5.160918
  90.000000 26.171172 5.163712
  90.000000 26.183151 5.166510
  90.000000 26.195139 5.169310
  90.000000 26.207029 5.172092
  90.000000 26.218927 5.174876
  90.000000 26.230833 5.177664
  90.000000 26.242750 5.180455
  90.000000 26.254675 5.183249
  90.000000 26.266611 5.186046
  90.000000 26.278554 5.188845
  90.000000 26.290397 5.191627
  90.000000 26.302249 5.194411
  90.000000 26.314221 5.197220
  90.000000 26.326092 5.200010
  90.000000 26.337972 5.202803
  90.000000 26.349751 5.205577
  90.000000 26.361648 5.208376
  90.000000 26.373447 5.211156
  90.000000 26.385364 5.213961
  90.000000 26.397180 5.216748
  90.000000 26.409003 5.219537
  90.000000 26.420837 5.222329
  90.000000 26.432682 5.225124
  90.000000 26.444534 5.227922
  90.000000 26.456598 5.230701
  90.000000 26.468988 5.233483
  90.000000 26.481498 5.236290
  90.000000 26.493907 5.239078
  90.000000 26.506324 5.241869
  90.000000 26.518750 5.244663
  90.000000 26.531074 5.247438
  90.000000 26.543517 5.250237
  90.000000 26.555969 5.253040
  90.000000 26.568320 5.255824
  90.000000 26.580677 5.258610
  90.000000 26.593043 5.261400
  90.000000 26.605420 5.264192
  90.000000 26.617804 5.266987
  90.000000 26.630196 5.269786
  90.000000 26.642486 5.272565
  90.000000 26.654895 5.275369
  90.000000 26.667201 5.278154
  90.000000 26.679516 5.280941
  90.000000 26.691838 5.283732
  90.000000 26.704169 5.286526
  90.000000 26.716511 5.289322
  90.000000 26.728744 5.292099
  90.000000 26.741102 5.294902
  90.000000 26.753353 5.297685
  90.000000 26.765612 5.300470
  90.000000 26.777879 5.303259
  90.000000 26.790155 5.306051
  90.000000 26.802438 5.308845
  90.000000 26.814733 5.311643
  90.000000 26.827033 5.314443
  90.000000 26.839227 5.317224
  90.000000 26.851431 5.320007
  90.000000 26.863756 5.322816
  90.000000 26.875974 5.325606
  90.000000 26.888203 5.328398
  90.000000 26.900322 5.331170
  90.000000 26.912564 5.333968
  90.000000 26.924817 5.336770
  90.000000 26.936959 5.339551
  90.000000 26.949110 5.342334
  90.000000 26.961387 5.345144
  90.000000 26.973554 5.347934
  90.000000 26.985728 5.350727
  90.000000 26.997796 5.353499
  90.000000 27.009986 5.356298
  90.000000 27.022184 5.359099
  90.000000 27.033628 5.361880
  90.000000 27.045032 5.364664
  90.000000 27.056562 5.367474
  90.000000 27.067990 5.370264
  90.000000 27.079313 5.373034
  90.000000 27.090764 5.375829
  90.000000 27.102226 5.378628
  90.000000 27.113702 5.381429
  90.000000 27.125071 5.384210
  90.000000 27.136453 5.386994
  90.000000 27.147848 5.389781
  90.000000 27.159258 5.392571
  90.000000 27.170678 5.395363
  90.000000 27.182110 5.398159
  90.000000 27.193557 5.400957
  90.000000 27.204896 5.403735
  90.000000 27.216369 5.406539
  90.000000 27.227735 5.409322
  90.000000 27.239118 5.412109
  90.000000 27.250628 5.414921
  90.000000 27.261916 5.417690
  90.000000 27.273335 5.420485
  90.000000 27.284769 5.423282
  90.000000 27.296216 5.426083
  90.000000 27.307556 5.428863
  90.000000 27.318914 5.431646
  90.000000 27.330403 5.434455
  90.000000 27.341787 5.437243
  90.000000 27.353184 5.440035
  90.000000 27.364597 5.442829
  90.000000 27.375902 5.445602
  90.000000 27.387347 5.448402
  90.000000 27.398801 5.451204
  90.000000 27.410153 5.453986
  90.000000 27.421517 5.456771
  90.000000 27.432899 5.459558
  90.000000 27.444293 5.462348
  90.000000 27.455705 5.465141
  90.000000 27.467133 5.467937
  90.000000 27.478577 5.470736
  90.000000 27.489913 5.473513
  90.000000 27.501386 5.476318
  90.000000 27.512756 5.479101
  90.000000 27.524729 5.481887
  90.000000 27.536752 5.484675
  90.000000 27.548785 5.487467
  90.000000 27.560823 5.490261
  90.000000 27.572873 5.493059
  90.000000 27.584928 5.495859
  90.000000 27.596872 5.498638
  90.000000 27.608944 5.501443
  90.000000 27.620908 5.504228
  90.000000 27.632874 5.507015
  90.000000 27.644852 5.509805
  90.000000 27.656836 5.512597
  90.000000 27.668831 5.515393
  90.000000 27.680708 5.518167
  90.000000 27.692722 5.520968
  90.000000 27.704739 5.523772
  90.000000 27.716645 5.526555
  90.000000 27.728555 5.529340
  90.000000 27.740477 5.532128
  90.000000 27.752405 5.534918
  90.000000 27.764346 5.537712
  90.000000 27.776290 5.540508
  90.000000 27.788247 5.543307
  90.000000 27.800084 5.546085
  90.000000 27.812058 5.548889
  90.000000 27.823912 5.551672
  90.000000 27.835778 5.554458
  90.000000 27.847651 5.557246
  90.000000 27.859534 5.560037
  90.000000 27.871422 5.562831
  90.000000 27.883323 5.565628
  90.000000 27.895228 5.568428
  90.000000 27.907020 5.571205
  90.000000 27.918945 5.574010
  90.000000 27.930755 5.576793
  90.000000 27.942570 5.579579
  90.000000 27.954397 5.582368
  90.000000 27.966229 5.585159
  90.000000 27.978075 5.587953
  90.000000 27.989927 5.590750
  90.000000 28.001663 5.593525
  90.000000 28.013531 5.596327
  90.000000 28.025281 5.599107
  90.000000 28.037163 5.601915
  90.000000 28.048935 5.604701
  90.000000 28.060732 5.607489
  90.000000 28.072553 5.610280
  90.000000 28.084400 5.613074
  90.000000 28.096264 5.615871
  90.000000 28.108032 5.618645
  90.000000 28.119953 5.621447
  90.000000 28.131767 5.624227
  90.000000 28.143739 5.627035
  90.000000 28.155613 5.629820
  90.000000 28.167508 5.632608
  90.000000 28.179436 5.635398
  90.000000 28.191396 5.638191
  90.000000 28.203379 5.640988
  90.000000 28.215396 5.643786
  90.000000 28.227319 5.646562
  90.000000 28.239395 5.649367
  90.000000 28.251380 5.652148
  90.000000 28.263402 5.654933
  90.000000 28.275454 5.657719
  90.000000 28.287536 5.660509
  90.000000 28.299661 5.663302
  90.000000 28.311820 5.666097
  90.000000 28.324011 5.668895
  90.000000 28.336248 5.671695
  90.000000 28.348390 5.674473
  90.000000 28.360698 5.677279
  90.000000 28.372923 5.680062
  90.000000 28.385187 5.682848
  90.000000 28.397487 5.685636
  90.000000 28.409839 5.688428
  90.000000 28.422230 5.691222
  90.000000 28.434665 5.694018
  90.000000 28.447143 5.696818
  90.000000 28.459539 5.699594
  90.000000 28.472111 5.702399
  90.000000 28.484597 5.705180
  90.000000 28.497132 5.707964
  90.000000 28.509716 5.710751
  90.000000 28.522347 5.713541
  90.000000 28.535029 5.716333
  90.000000 28.547761 5.719128
  90.000000 28.560542 5.721926
  90.000000 28.573376 5.724726
  90.000000 28.586129 5.727503
  90.000000 28.598868 5.730309
  90.000000 28.611189 5.733091
  90.000000 28.623540 5.735876
  90.000000 28.635924 5.738664
  90.000000 28.648339 5.741454
  90.000000 28.660789 5.744247
  90.000000 28.673278 5.747043
  90.000000 28.685795 5.749841
  90.000000 28.698211 5.752616
  90.000000 28.710796 5.755420
  90.000000 28.723287 5.758200
  90.000000 28.735937 5.761009
  90.000000 28.748490 5.763794
  90.000000 28.761078 5.766582
  90.000000 28.773699 5.769373
  90.000000 28.786357 5.772167
  90.000000 28.799046 5.774963
  90.000000 28.811635 5.777735
  90.000000 28.824392 5.780536
  90.000000 28.837051 5.783313
  90.000000 28.849876 5.786120
  90.000000 28.862599 5.788903
  90.000000 28.875354 5.791688
  90.000000 28.888279 5.794503
  90.000000 28.901108 5.797294
  90.000000 28.913830 5.800060
  90.000000 28.926718 5.802856
  90.000000 28.939640 5.805655
  90.000000 28.952601 5.808457
  90.000000 28.965451 5.811234
  90.000000 28.978471 5.814040
  90.000000 28.991388 5.816823
  90.000000 29.004337 5.819608
  90.000000 29.017320 5.822395
  90.000000 29.030332 5.825185
  90.000000 29.043375 5.827978
  90.000000 29.056449 5.830774
  90.000000 29.069557 5.833572
  90.000000 29.082556 5.836346
  90.000000 29.095722 5.839150
  90.000000 29.108780 5.841928
  90.000000 29.122006 5.844737
  90.000000 29.135128 5.847522
  90.000000 29.148127 5.850308
  90.000000 29.160922 5.853098
  90.000000 29.173753 5.855890
  90.000000 29.186609 5.858685
  90.000000 29.199497 5.861482
  90.000000 29.212277 5.864255
  90.000000 29.225224 5.867057
  90.000000 29.238068 5.869835
  90.000000 29.251076 5.872643
  90.000000 29.263973 5.875426
  90.000000 29.276901 5.878212
  90.000000 29.289857 5.881000
  90.000000 29.302840 5.883791
  90.000000 29.315857 5.886584
  90.000000 29.328897 5.889381
  90.000000 29.341964 5.892179
  90.000000 29.355060 5.894981
  90.000000 29.368043 5.897757
  90.000000 29.381195 5.900564
  90.000000 29.394231 5.903345
  90.000000 29.407294 5.906129
  90.000000 29.420382 5.908916
  90.000000 29.433495 5.911705
  90.000000 29.446639 5.914497
  90.000000 29.459804 5.917292
  90.000000 29.472993 5.920089
  90.000000 29.486208 5.922889
  90.000000 29.499307 5.925663
  90.000000 29.512574 5.928468
  90.000000 29.525721 5.931247
  90.000000 29.538892 5.934029
  90.000000 29.552227 5.936842
  90.000000 29.565445 5.939630
  90.000000 29.578686 5.942420
  90.000000 29.591954 5.945212
  90.000000 29.605241 5.948007
  90.000000 29.618409 5.950776
  90.000000 29.631741 5.953577
  90.000000 29.645096 5.956380
  90.000000 29.658334 5.959157
  90.000000 29.671732 5.961965
  90.000000 29.685010 5.964747
  90.000000 29.698310 5.967532
  90.000000 29.711631 5.970319
  90.000000 29.724977 5.973109
  90.000000 29.738340 5.975902
  90.000000 29.751724 5.978697
  90.000000 29.766320 5.981495
  90.000000 29.781066 5.984267
  90.000000 29.795975 5.987070
  90.000000 29.810902 5.989875
  90.000000 29.825704 5.992655
  90.000000 29.840527 5.995437
  90.000000 29.855511 5.998250
  90.000000 29.870370 6.001037
  90.000000 29.885250 6.003827
  90.000000 29.900147 6.006619
  90.000000 29.915059 6.009414
  90.000000 29.929850 6.012183
  90.000000 29.944804 6.014983
  90.000000 29.959777 6.017785
  90.000000 29.974624 6.020561
  90.000000 29.989635 6.023369
  90.000000 30.004519 6.026151
  90.000000 30.019423 6.028934
  90.000000 30.034345 6.031721
  90.000000 30.049286 6.034510
  90.000000 30.064247 6.037301
  90.000000 30.079226 6.040095
  90.000000 30.094223 6.042892
  90.000000 30.109241 6.045691
  90.000000 30.124130 6.048464
  90.000000 30.139181 6.051268
  90.000000 30.154109 6.054046
  90.000000 30.169202 6.056855
  90.000000 30.184166 6.059638
  90.000000 30.199150 6.062423
  90.000000 30.214153 6.065211
  90.000000 30.229174 6.068001
  90.000000 30.244216 6.070794
  90.000000 30.259275 6.073590
  90.000000 30.274353 6.076388
  90.000000 30.289452 6.079188
  90.000000 30.304420 6.081962
  90.000000 30.319555 6.084767
  90.000000 30.334563 6.087546
  90.000000 30.349588 6.090327
  90.000000 30.364780 6.093140
  90.000000 30.379841 6.095926
  90.000000 30.394923 6.098715
  90.000000 30.407908 6.101506
  90.000000 30.420454 6.104300
  90.000000 30.433008 6.107096
  90.000000 30.445420 6.109865
  90.000000 30.457993 6.112667
  90.000000 30.470575 6.115471
  90.000000 30.483017 6.118247
  90.000000 30.495618 6.121056
  90.000000 30.508079 6.123838
  90.000000 30.520552 6.126622
  90.000000 30.533033 6.129408
  90.000000 30.545521 6.132197
  90.000000 30.558021 6.134989
  90.000000 30.570529 6.137783
  90.000000 30.583047 6.140580
  90.000000 30.595574 6.143379
  90.000000 30.607960 6.146150
  90.000000 30.620510 6.148955
  90.000000 30.632915 6.151731
  90.000000 30.645480 6.154540
  90.000000 30.657903 6.157322
  90.000000 30.670335 6.160106
  90.000000 30.682778 6.162892
  90.000000 30.695381 6.165712
  90.000000 30.707842 6.168503
  90.000000 30.720162 6.171267
  90.000000 30.732643 6.174063
  90.000000 30.745131 6.176862
  90.000000 30.757630 6.179664
  90.000000 30.769984 6.182437
  90.000000 30.782502 6.185244
  90.000000 30.794874 6.188022
  90.000000 30.807257 6.190803
  90.000000 30.819802 6.193617
  90.000000 30.832207 6.196403
  90.000000 30.844616 6.199191
