124000 -104661.306279 0.000060
62000 -26163.581725 0.000119
41333.3 -11626.966047 0.000179
31000 -6539.150538 0.000239
24800 -4184.218763 0.000299
20666.7 -2904.996538 0.000360
17714.3 -2133.665856 0.000421
15500 -1633.042549 0.000483
13777.8 -1289.816830 0.000545
12400 -1044.309463 0.000608
11272.7 -862.661749 0.000672
10333.3 -724.503736 0.000736
9538.46 -616.984288 0.000801
8857.14 -531.670870 0.000865
8266.67 -462.844330 0.000929
7750 -406.514823 0.000990
7294.12 -359.830278 0.001049
6888.89 -320.708144 0.001104
6526.32 -287.599053 0.001158
6200 -259.331016 0.001210
5904.76 -235.004265 0.001262
5636.36 -213.918759 0.001314
5391.3 -195.523252 0.001366
5166.67 -179.378890 0.001420
4960 -165.132798 0.001474
4769.23 -152.498627 0.001530
4592.59 -141.242054 0.001586
4428.57 -131.169838 0.001642
4275.86 -122.121469 0.001700
4133.33 -113.962735 0.001757
4000 -106.580717 0.001816
3875 -99.879858 0.001874
3757.58 -93.778857 0.001933
3647.06 -88.208189 0.001992
3542.86 -83.108119 0.002051
3444.44 -78.427090 0.002110
3351.35 -74.120419 0.002169
3263.16 -70.149220 0.002229
3179.49 -66.479531 0.002288
3100 -63.081580 0.002348
3024.39 -59.929181 0.002408
2952.38 -56.999228 0.002468
2883.72 -54.271270 0.002529
2818.18 -51.727154 0.002589
2755.56 -49.350721 0.002650
2695.65 -47.127547 0.002712
2638.3 -45.044729 0.002773
2583.33 -43.090692 0.002835
2530.61 -41.255031 0.002897
2480 -39.528370 0.002959
2431.37 -37.902245 0.003022
2384.62 -36.368995 0.003084
2339.62 -34.921677 0.003147
2296.3 -33.553984 0.003210
2254.55 -32.260178 0.003274
2214.29 -31.035028 0.003337
2175.44 -29.873757 0.003401
2137.93 -28.771998 0.003465
2101.69 -27.725749 0.003529
2066.67 -26.731341 0.003594
2032.79 -25.785401 0.003659
2000 -24.884827 0.003724
1968.25 -24.026761 0.003789
1937.5 -23.208567 0.003855
1907.69 -22.427809 0.003921
1878.79 -21.682234 0.003987
1850.75 -20.969759 0.004054
1823.53 -20.288448 0.004121
1797.1 -19.636509 0.004188
1771.43 -19.012275 0.004256
1746.48 -18.414194 0.004323
1722.22 -17.840824 0.004392
1698.63 -17.290819 0.004460
1675.68 -16.762924 0.004529
1653.33 -16.255967 0.004598
1631.58 -15.768854 0.004668
1610.39 -15.300559 0.004738
1589.74 -14.850123 0.004808
1569.62 -14.416646 0.004879
1550 -13.999287 0.004950
1530.86 -13.597252 0.005022
1512.2 -13.209799 0.005094
1493.98 -12.836228 0.005166
1476.19 -12.475883 0.005239
1458.82 -12.128143 0.005312
1441.86 -11.792425 0.005386
1425.29 -11.468179 0.005460
1409.09 -11.154886 0.005534
1393.26 -10.852056 0.005609
1377.78 -10.559226 0.005685
1362.64 -10.275958 0.005761
1347.83 -10.001839 0.005837
1333.33 -9.736476 0.005914
1319.15 -9.479498 0.005992
1305.26 -9.230553 0.006070
1291.67 -8.989309 0.006148
1278.35 -8.755448 0.006227
1265.31 -8.528670 0.006307
1252.53 -8.308690 0.006387
1240 -8.095236 0.006468
1227.72 -7.888052 0.006549
1215.69 -7.686891 0.006631
1203.88 -7.491521 0.006713
1192.31 -7.301719 0.006797
1180.95 -7.117274 0.006880
1169.81 -6.937983 0.006965
1158.88 -6.763655 0.007050
1148.15 -6.594106 0.007136
1137.61 -6.429161 0.007222
1127.27 -6.268653 0.007309
1117.12 -6.112421 0.007397
1107.14 -5.960314 0.007485
1097.35 -5.812186 0.007575
1087.72 -5.667896 0.007664
1078.26 -5.527311 0.007755
1068.97 -5.390305 0.007847
1059.83 -5.256753 0.007939
1050.85 -5.126540 0.008032
1042.02 -4.999552 0.008126
1033.33 -4.875682 0.008221
1024.79 -4.754827 0.008317
1016.39 -4.636888 0.008413
1008.13 -4.521770 0.008511
1000 -4.409381 0.008609
992 -4.299634 0.008708
984.127 -4.192445 0.008809
976.378 -4.087734 0.008910
968.75 -3.985421 0.009012
961.24 -3.885433 0.009115
953.846 -3.787698 0.009220
946.565 -3.692146 0.009325
939.394 -3.598712 0.009432
932.331 -3.507330 0.009539
925.373 -3.417940 0.009648
918.519 -3.330482 0.009758
911.765 -3.244898 0.009869
905.109 -3.161134 0.009981
898.551 -3.079136 0.010094
892.086 -2.998853 0.010209
885.714 -2.920235 0.010325
879.433 -2.843236 0.010442
873.239 -2.767807 0.010561
867.133 -2.693907 0.010681
861.111 -2.621490 0.010802
855.172 -2.550516 0.010925
849.315 -2.480944 0.011050
843.537 -2.412737 0.011176
837.838 -2.345856 0.011303
832.215 -2.280265 0.011432
826.667 -2.215929 0.011563
821.192 -2.152815 0.011695
815.789 -2.090889 0.011829
810.458 -2.030120 0.011965
805.195 -1.970477 0.012102
800 -1.911930 0.012242
794.872 -1.854451 0.012383
789.809 -1.798012 0.012526
784.81 -1.742585 0.012671
779.874 -1.688144 0.012819
775 -1.634664 0.012968
770.186 -1.582121 0.013120
765.432 -1.530490 0.013273
760.736 -1.479748 0.013429
756.098 -1.429873 0.013587
751.515 -1.380843 0.013748
746.988 -1.332636 0.013911
742.515 -1.285233 0.014077
738.095 -1.238612 0.014245
733.728 -1.192756 0.014416
729.412 -1.147644 0.014589
725.146 -1.103258 0.014766
720.93 -1.059581 0.014945
716.763 -1.016595 0.015128
712.644 -0.974283 0.015313
708.571 -0.932629 0.015502
704.545 -0.891617 0.015693
700.565 -0.851231 0.015889
696.629 -0.811457 0.016087
692.737 -0.772278 0.016290
688.889 -0.733682 0.016496
685.083 -0.695654 0.016706
681.319 -0.658180 0.016919
677.596 -0.621247 0.017137
673.913 -0.584841 0.017360
670.27 -0.548951 0.017586
666.667 -0.513564 0.017817
663.102 -0.478668 0.018053
659.574 -0.444251 0.018294
656.085 -0.410301 0.018539
652.632 -0.376807 0.018790
649.215 -0.343758 0.019046
645.833 -0.311143 0.019308
642.487 -0.278953 0.019576
639.175 -0.247175 0.019850
635.897 -0.215801 0.020130
632.653 -0.184820 0.020416
629.442 -0.154222 0.020709
626.263 -0.123999 0.021010
623.116 -0.094140 0.021318
620 -0.064636 0.021633
616.915 -0.035479 0.021957
613.861 -0.006659 0.022289
610.837 0.021832 0.022629
607.843 0.050004 0.022979
604.878 0.077863 0.023338
601.942 0.105420 0.023708
599.034 0.132682 0.024088
596.154 0.159657 0.024479
593.301 0.186354 0.024881
590.476 0.212781 0.025295
587.678 0.238945 0.025723
584.906 0.264854 0.026163
582.16 0.290516 0.026618
579.439 0.315940 0.027088
576.744 0.341132 0.027573
574.074 0.366101 0.028075
571.429 0.390854 0.028595
568.807 0.415399 0.029133
566.21 0.439744 0.029690
563.636 0.463896 0.030269
561.086 0.487864 0.030870
558.559 0.511656 0.031495
556.054 0.535278 0.032145
553.571 0.558740 0.032822
551.111 0.582050 0.033528
548.673 0.605215 0.034265
546.256 0.628245 0.035035
543.86 0.651148 0.035841
541.485 0.673933 0.036685
539.13 0.696609 0.037570
536.797 0.719186 0.038501
534.483 0.741673 0.039480
532.189 0.764080 0.040512
529.915 0.786419 0.041602
527.66 0.808699 0.042754
525.424 0.830932 0.043976
523.207 0.853130 0.045273
521.008 0.875305 0.046654
518.828 0.897471 0.048127
516.667 0.919642 0.049702
514.523 0.941833 0.051391
512.397 0.964058 0.053207
510.288 0.986335 0.055165
508.197 1.008680 0.057285
506.122 1.031113 0.059586
504.065 1.053653 0.062095
502.024 1.076320 0.064839
500 1.099134 0.067856
497.992 1.122118 0.071186
496 1.145291 0.074881
494.024 1.168674 0.079001
492.063 1.192283 0.083621
490.119 1.216127 0.088830
488.189 1.240208 0.094738
486.275 1.264507 0.101476
484.375 1.288980 0.109202
482.49 1.313543 0.118098
480.62 1.338046 0.128371
478.764 1.362248 0.140234
476.923 1.385791 0.153873
475.096 1.408165 0.169387
473.282 1.428728 0.186682
471.483 1.446780 0.205355
469.697 1.461755 0.224611
467.925 1.473492 0.243328
466.165 1.482449 0.260345
464.419 1.489655 0.274889
462.687 1.496327 0.286869
460.967 1.503389 0.296772
459.259 1.511279 0.305249
457.565 1.520158 0.312803
455.882 1.530201 0.319843
454.212 1.541595 0.326936
452.555 1.554274 0.334887
450.909 1.567688 0.344502
449.275 1.580831 0.356250
447.653 1.592491 0.369982
446.043 1.601660 0.384865
444.444 1.607956 0.399595
442.857 1.611808 0.412888
441.281 1.614267 0.423995
439.716 1.616495 0.432953
438.163 1.619226 0.440426
436.62 1.622477 0.447182
435.088 1.625770 0.453522
433.566 1.628736 0.459088
432.056 1.631634 0.463258
430.556 1.635333 0.465797
429.066 1.640795 0.467234
427.586 1.648462 0.468716
426.117 1.657956 0.471484
424.658 1.668231 0.476291
423.208 1.678076 0.483115
421.769 1.686652 0.491308
420.339 1.693726 0.500049
418.919 1.699521 0.508777
417.508 1.704332 0.517362
416.107 1.708140 0.525936
414.716 1.710492 0.534433
413.333 1.710865 0.542149
411.96 1.709353 0.547806
410.596 1.707073 0.550228
409.241 1.705861 0.549157
407.895 1.707436 0.545547
406.557 1.712630 0.541185
405.229 1.721114 0.537928
403.909 1.731686 0.537001
402.597 1.742905 0.538723
401.294 1.753643 0.542717
400 1.763272 0.548337
398.714 1.771540 0.555006
397.436 1.778321 0.562323
396.166 1.783388 0.569949
394.904 1.786401 0.577304
393.651 1.787246 0.583353
392.405 1.786554 0.586831
391.167 1.785834 0.586936
389.937 1.786962 0.583940
388.715 1.791352 0.579212
387.5 1.799378 0.574656
386.293 1.810340 0.571960
385.093 1.822883 0.572093
383.901 1.835546 0.575193
382.716 1.847164 0.580785
381.538 1.857013 0.588096
380.368 1.864751 0.596315
379.205 1.870273 0.604707
378.049 1.873557 0.612577
376.9 1.874668 0.619095
375.758 1.874021 0.623208
374.622 1.872722 0.623917
373.494 1.872538 0.620870
372.372 1.875351 0.614798
371.257 1.882417 0.607404
370.149 1.893912 0.600798
369.048 1.908943 0.596809
367.953 1.925950 0.596498
366.864 1.943256 0.600033
365.782 1.959514 0.606913
364.706 1.973825 0.616332
363.636 1.985636 0.627397
362.573 1.994633 0.639134
361.516 2.000783 0.650454
360.465 2.004460 0.660197
359.42 2.006570 0.667310
358.382 2.008561 0.671159
357.349 2.012194 0.671868
356.322 2.019093 0.670466
355.301 2.030255 0.668754
354.286 2.045690 0.668879
353.276 2.064372 0.672770
352.273 2.084527 0.681642
351.275 2.104135 0.695803
350.282 2.121355 0.714794
349.296 2.134686 0.737635
348.315 2.142992 0.762957
347.339 2.145593 0.789032
346.369 2.142443 0.813909
345.404 2.134223 0.835670
344.444 2.122312 0.852700
343.49 2.108698 0.863936
342.541 2.095815 0.869165
341.598 2.086139 0.869329
340.659 2.081509 0.866569
339.726 2.082422 0.863742
338.798 2.087800 0.863472
337.875 2.095498 0.867265
336.957 2.103247 0.875259
336.043 2.109380 0.886666
335.135 2.112942 0.900444
334.232 2.113342 0.915615
333.333 2.110094 0.931113
332.44 2.102972 0.945539
331.551 2.092397 0.957257
330.667 2.079625 0.964849
329.787 2.066544 0.967602
328.912 2.055224 0.965758
328.042 2.047439 0.960502
327.177 2.044222 0.953740
326.316 2.045557 0.947618
325.459 2.050422 0.943905
324.607 2.057250 0.943541
323.76 2.064510 0.946655
322.917 2.070999 0.952921
322.078 2.075754 0.961851
321.244 2.077865 0.972781
320.413 2.076504 0.984657
319.588 2.071255 0.995930
318.766 2.062503 1.004803
317.949 2.051556 1.009775
317.136 2.040351 1.010140
316.327 2.030942 1.006180
315.522 2.025039 0.999071
314.721 2.023639 0.990636
313.924 2.026791 0.982921
313.131 2.033657 0.977680
312.343 2.042865 0.976046
311.558 2.052898 0.978527
310.777 2.062262 0.985183
310 2.069448 0.995715
309.227 2.072874 1.009320
308.458 2.071107 1.024387
307.692 2.063499 1.038432
306.931 2.050831 1.048689
306.173 2.035312 1.053121
305.419 2.019804 1.051144
304.668 2.006867 1.043542
303.922 1.998282 1.031902
303.178 1.995058 1.018148
302.439 1.997493 1.004354
301.703 2.005135 0.992553
300.971 2.016800 0.984434
300.242 2.030820 0.981049
299.517 2.045395 0.982747
298.795 2.058842 0.989326
298.077 2.069617 1.000172
297.362 2.076311 1.014203
296.651 2.077870 1.029752
295.943 2.073986 1.044697
295.238 2.065323 1.056930
294.537 2.053364 1.064848
293.839 2.040047 1.067596
293.144 2.027465 1.065122
292.453 2.017585 1.058208
291.765 2.011877 1.048411
291.08 2.010972 1.037746
290.398 2.014561 1.028226
289.72 2.021560 1.021450
289.044 2.030409 1.018358
288.372 2.039397 1.019168
287.703 2.046915 1.023422
287.037 2.051680 1.030037
286.374 2.053028 1.037432
285.714 2.051191 1.043918
285.057 2.047201 1.048292
284.404 2.042347 1.050170
283.753 2.037625 1.049787
283.105 2.033613 1.047530
282.46 2.030735 1.043703
281.818 2.029476 1.038653
281.179 2.030309 1.033011
280.543 2.033399 1.027719
279.91 2.038372 1.023777
279.279 2.044357 1.021871
278.652 2.050270 1.022165
278.027 2.055078 1.024320
277.405 2.057967 1.027544
276.786 2.058548 1.030651
276.169 2.057131 1.032299
275.556 2.054784 1.031462
274.945 2.052999 1.027862
274.336 2.053173 1.022047
273.731 2.056234 1.015139
273.128 2.062512 1.008524
272.527 2.071731 1.003638
271.93 2.082972 1.001733
271.335 2.094751 1.003543
270.742 2.105366 1.008994
270.153 2.113390 1.017227
269.565 2.117987 1.026938
268.98 2.118878 1.036750
268.398 2.116168 1.045290
267.819 2.110417 1.051136
267.241 2.102870 1.053032
266.667 2.095387 1.050402
266.094 2.089897 1.043672
265.525 2.087807 1.034041
264.957 2.089836 1.022983
264.392 2.096202 1.011970
263.83 2.106732 1.002474
263.27 2.120787 0.995947
262.712 2.137166 0.993630
262.156 2.154173 0.996279
261.603 2.169848 1.003933
261.053 2.182286 1.015857
260.504 2.189905 1.030585
259.958 2.191727 1.045986
259.414 2.187771 1.059483
258.873 2.179353 1.068632
258.333 2.168886 1.071929
257.796 2.159113 1.069272
257.261 2.152294 1.061769
256.729 2.149823 1.051166
256.198 2.152281 1.039389
255.67 2.159552 1.028325
255.144 2.170866 1.019668
254.62 2.184851 1.014675
254.098 2.199751 1.013906
253.579 2.213798 1.017121
253.061 2.225560 1.023401
252.546 2.234134 1.031362
252.033 2.239317 1.039372
251.521 2.241717 1.045926
251.012 2.242555 1.050135
250.505 2.243112 1.051909
250 2.244274 1.051661
249.497 2.246536 1.049861
248.996 2.250288 1.046915
248.497 2.255931 1.043359
248 2.263675 1.039996
247.505 2.273291 1.037752
247.012 2.284083 1.037345
246.521 2.295095 1.039084
246.032 2.305324 1.042847
245.545 2.313814 1.048094
245.059 2.319826 1.053780
244.576 2.323202 1.058398
244.094 2.324700 1.060402
243.615 2.325911 1.058820
243.137 2.328765 1.053649
242.661 2.334976 1.045848
242.188 2.345634 1.037092
241.715 2.360945 1.029416
241.245 2.380152 1.024770
240.777 2.401670 1.024566
240.31 2.423442 1.029351
239.845 2.443404 1.038716
239.382 2.459885 1.051444
238.921 2.471844 1.065771
238.462 2.478992 1.079632
238.004 2.481911 1.090914
237.548 2.482115 1.097863
237.094 2.481830 1.099573
236.641 2.483442 1.096280
236.19 2.488911 1.089238
235.741 2.499374 1.080346
235.294 2.515014 1.071679
234.848 2.535141 1.065031
234.405 2.558511 1.061578
233.962 2.583737 1.061816
233.522 2.609577 1.065730
233.083 2.634990 1.073020
232.645 2.659055 1.083169
232.21 2.680967 1.095349
231.776 2.700260 1.108349
231.343 2.717087 1.120769
230.912 2.732278 1.131433
230.483 2.747089 1.139709
230.056 2.762868 1.145583
229.63 2.780813 1.149598
229.205 2.801736 1.152758
228.782 2.825852 1.156266
228.361 2.852801 1.161134
227.941 2.881937 1.167949
227.523 2.912614 1.176920
227.106 2.944272 1.188036
226.691 2.976390 1.201096
226.277 3.008544 1.215599
225.865 3.040659 1.230734
225.455 3.073254 1.245625
225.045 3.107435 1.259737
224.638 3.144620 1.273164
224.231 3.186208 1.286707
223.827 3.233259 1.301831
223.423 3.286162 1.320484
223.022 3.344417 1.344667
222.621 3.406757 1.375925
222.222 3.471580 1.415053
221.825 3.537386 1.462141
221.429 3.603057 1.516789
221.034 3.668006 1.578344
220.641 3.732270 1.646184
220.249 3.796468 1.720075
219.858 3.861582 1.800491
219.469 3.928585 1.888817
219.081 3.998024 1.987397
218.695 4.069538 2.099472
218.31 4.141295 2.228863
217.926 4.209531 2.379284
217.544 4.268534 2.553321
217.163 4.311271 2.751517
216.783 4.330404 2.972007
216.405 4.319156 3.210741
216.028 4.271765 3.461896
215.652 4.183701 3.718106
215.278 4.051993 3.970523
214.905 3.875808 4.208933
214.533 3.657273 4.422186
214.162 3.402338 4.599259
213.793 3.121097 4.731143
213.425 2.826772 4.813098
213.058 2.533112 4.846028
212.693 2.251298 4.835833
212.329 1.988028 4.790953
211.966 1.745587 4.719543
211.604 1.523373 4.627567
211.244 1.319893 4.518195
210.884 1.134571 4.392328
210.526 0.968922 4.250014
210.169 0.826597 4.092389
209.814 0.712031 3.923261
209.459 0.628223 3.749315
209.106 0.574960 3.578655
208.754 0.548562 3.418561
208.403 0.543140 3.273797
208.054 0.552404 3.146265
207.705 0.570925 3.035761
207.358 0.594472 2.940958
207.012 0.619832 2.860007
206.667 0.644623 2.790750
206.323 0.667223 2.730874
205.98 0.686692 2.678031
205.638 0.702750 2.629861
205.298 0.715964 2.584134
204.959 0.727816 2.539252
204.62 0.740228 2.494838
204.283 0.754653 2.451797
203.947 0.771339 2.411651
203.612 0.789304 2.375504
203.279 0.807089 2.343337
202.946 0.823766 2.314107
202.614 0.839483 2.286583
202.284 0.855118 2.260269
201.954 0.871321 2.235621
201.626 0.887834 2.213344
201.299 0.903768 2.193441
200.972 0.918567 2.174970
200.647 0.932751 2.156742
200.323 0.947783 2.138349
200 0.965156 2.120738
199.678 0.985310 2.105887
199.357 1.007112 2.095756
199.037 1.028276 2.091145
198.718 1.046463 2.091187
198.4 1.060439 2.093746
198.083 1.070642 2.096503
197.767 1.078841 2.098127
197.452 1.087105 2.098873
197.138 1.096711 2.100311
196.825 1.107564 2.104481
196.513 1.118299 2.112974
196.203 1.126865 2.126352
195.893 1.131253 2.144083
195.584 1.130013 2.164942
195.276 1.122240 2.187561
194.969 1.107137 2.210569
194.662 1.083815 2.232109
194.357 1.051899 2.249324
194.053 1.012570 2.258731
193.75 0.968959 2.257508
193.448 0.925345 2.244694
193.146 0.885838 2.221385
192.846 0.853493 2.190136
192.547 0.830010 2.154270
192.248 0.815652 2.117333
191.95 0.809273 2.082525
191.654 0.808593 2.052129
191.358 0.810738 2.027121
191.063 0.812866 2.007058
190.769 0.812815 1.990220
190.476 0.809716 1.974037
190.184 0.804383 1.955940
189.893 0.799056 1.934454
189.602 0.796361 1.909906
189.313 0.798024 1.884180
189.024 0.804195 1.859652
188.737 0.813731 1.838122
188.45 0.824959 1.820392
188.164 0.836246 1.806416
187.879 0.846199 1.795507
187.595 0.853864 1.786362
187.311 0.859150 1.777248
187.029 0.863145 1.766658
186.747 0.867754 1.754198
186.466 0.874679 1.740942
186.186 0.884426 1.728890
185.907 0.896031 1.719908
185.629 0.907561 1.714849
185.351 0.916958 1.713268
185.075 0.922768 1.713676
184.799 0.924529 1.714062
184.524 0.922861 1.712463
184.25 0.919305 1.707491
183.976 0.915902 1.698771
183.704 0.914527 1.687074
183.432 0.916267 1.673965
183.161 0.921204 1.661181
182.891 0.928616 1.650098
182.622 0.937339 1.641514
182.353 0.946040 1.635604
182.085 0.953440 1.631887
181.818 0.958649 1.629226
181.552 0.961572 1.626084
181.287 0.963102 1.621100
181.022 0.964835 1.613719
180.758 0.968412 1.604485
180.495 0.974840 1.594810
180.233 0.984164 1.586413
179.971 0.995544 1.580778
179.71 1.007516 1.578830
179.45 1.018253 1.580751
179.191 1.025865 1.585793
178.932 1.028917 1.592188
178.674 1.027062 1.597453
178.417 1.021404 1.599133
178.161 1.014282 1.595708
177.905 1.008490 1.587167
177.65 1.006316 1.574919
177.396 1.008971 1.561182
177.143 1.016512 1.548345
176.89 1.027964 1.538546
176.638 1.041459 1.533293
176.387 1.054538 1.533057
176.136 1.064706 1.537008
175.887 1.070118 1.543053
175.637 1.070253 1.548247
175.389 1.066362 1.549617
175.141 1.061350 1.545295
174.894 1.058844 1.535450
174.648 1.061760 1.522404
174.402 1.071121 1.509734
174.157 1.085784 1.500885
173.913 1.103022 1.498052
173.669 1.119492 1.501674
173.427 1.132191 1.510484
173.184 1.139199 1.521982
172.943 1.140058 1.533152
172.702 1.135751 1.541208
172.462 1.128378 1.544181
172.222 1.120669 1.541284
171.983 1.115409 1.533086
171.745 1.114754 1.521450
171.508 1.119555 1.509030
171.271 1.129148 1.498319
171.034 1.141888 1.490813
170.799 1.156056 1.486858
170.564 1.170441 1.486144
170.33 1.184302 1.488293
170.096 1.196974 1.493030
169.863 1.207636 1.499935
169.631 1.215464 1.508123
169.399 1.220034 1.516175
169.168 1.221705 1.522395
168.937 1.221809 1.525320
168.707 1.222464 1.524359
168.478 1.225909 1.520213
168.25 1.233674 1.514734
168.022 1.246068 1.510264
167.794 1.262209 1.508883
167.568 1.280438 1.511924
167.341 1.298762 1.519819
167.116 1.315231 1.532082
166.891 1.328317 1.547362
166.667 1.337339 1.563683
166.443 1.342734 1.578945
166.22 1.346021 1.591529
165.997 1.349459 1.600820
165.775 1.355434 1.607553
165.554 1.365659 1.613726
165.333 1.380565 1.621982
165.113 1.399313 1.634773
164.894 1.420290 1.653922
164.675 1.441524 1.680704
164.456 1.460649 1.716044
164.238 1.474636 1.760356
164.021 1.479735 1.812959
163.804 1.471954 1.871372
163.588 1.448125 1.930905
163.373 1.407360 1.985000
163.158 1.352270 2.026699
162.943 1.288969 2.050920
162.73 1.225428 2.056369
162.516 1.168875 2.045905
162.304 1.123669 2.025140
162.092 1.090660 2.000206
161.88 1.067962 1.975920
161.669 1.052409 1.954925
161.458 1.040965 1.937866
161.248 1.031530 1.924229
161.039 1.022953 1.913250
160.83 1.014570 1.904368
160.622 1.005755 1.897182
160.414 0.995744 1.891113
160.207 0.983874 1.885036
160 0.970220 1.877266
159.794 0.956111 1.866273
159.588 0.943810 1.851748
159.383 0.935282 1.835059
159.178 0.931026 1.818475
158.974 0.929995 1.803774
158.771 0.930623 1.791410
158.568 0.931963 1.780835
158.365 0.934028 1.771494
158.163 0.937234 1.763563
157.962 0.941571 1.757929
157.761 0.946114 1.755615
157.56 0.949051 1.757035
157.36 0.948175 1.761392
157.161 0.941735 1.766416
156.962 0.929472 1.768715
156.764 0.913331 1.764916
156.566 0.897199 1.753226
156.368 0.885471 1.734487
156.171 0.881240 1.711900
155.975 0.885242 1.689623
155.779 0.896032 1.671223
155.583 0.910931 1.658806
155.388 0.927018 1.652933
155.194 0.941796 1.652969
155 0.953504 1.657563
154.806 0.961149 1.665115
154.613 0.964287 1.674093
154.421 0.962758 1.683027
154.229 0.956671 1.690307
154.037 0.946714 1.694142
153.846 0.934464 1.692917
153.656 0.922311 1.685826
153.465 0.912867 1.673331
153.276 0.908198 1.657072
153.086 0.909350 1.639338
152.898 0.916307 1.622502
152.709 0.928134 1.608618
152.522 0.943204 1.599106
152.334 0.959547 1.594501
152.147 0.975358 1.594422
151.961 0.989442 1.597883
151.775 1.001329 1.603849
151.589 1.010892 1.611674
151.404 1.017795 1.620977
151.22 1.021365 1.631066
151.035 1.021114 1.640498
150.852 1.017536 1.647341
150.668 1.012397 1.650112
150.485 1.008105 1.648671
150.303 1.006597 1.644273
150.121 1.008641 1.638806
149.94 1.013953 1.633918
149.758 1.021746 1.630643
149.578 1.031177 1.629491
149.398 1.041513 1.630674
149.218 1.052126 1.634258
149.038 1.062458 1.640266
148.86 1.071889 1.648732
148.681 1.079552 1.659590
148.503 1.084301 1.672312
148.325 1.085111 1.685527
148.148 1.081832 1.697098
147.971 1.075735 1.704907
147.795 1.069244 1.707920
147.619 1.064896 1.706677
147.444 1.064383 1.702859
147.268 1.068308 1.698479
147.094 1.076441 1.695395
146.919 1.087924 1.695174
146.746 1.101344 1.698897
146.572 1.114992 1.706880
146.399 1.127360 1.718645
146.226 1.137491 1.733278
146.054 1.144930 1.749861
145.882 1.149421 1.767636
145.711 1.150685 1.785836
145.54 1.148495 1.803399
145.369 1.143073 1.818866
145.199 1.135537 1.830740
145.029 1.127894 1.838234
144.86 1.122370 1.841792
144.691 1.120584 1.842909
144.522 1.123181 1.843513
144.354 1.129926 1.845421
144.186 1.139957 1.850017
144.019 1.152126 1.858103
143.852 1.165337 1.869984
143.685 1.178664 1.885714
143.519 1.191260 1.905235
143.353 1.202284 1.928346
143.187 1.210929 1.954647
143.022 1.216463 1.983541
142.857 1.218250 2.014185
142.693 1.215868 2.045398
142.529 1.209413 2.075657
142.365 1.199833 2.103430
142.202 1.188939 2.127791
142.039 1.178902 2.148945
141.876 1.171476 2.168239
141.714 1.167489 2.187637
141.553 1.166841 2.209136
141.391 1.168770 2.234445
141.23 1.172086 2.264927
141.069 1.175273 2.301592
140.909 1.176544 2.345079
140.749 1.173868 2.395595
140.59 1.165035 2.452796
140.43 1.147820 2.515642
140.271 1.120290 2.582367
140.113 1.081056 2.650666
139.955 1.029345 2.717905
139.797 0.965049 2.781212
139.64 0.888902 2.837650
139.483 0.802552 2.884635
139.326 0.708228 2.920366
139.169 0.608168 2.943847
139.013 0.504293 2.954433
138.858 0.398455 2.951345
138.702 0.293057 2.933723
138.547 0.191308 2.901314
138.393 0.096752 2.855151
138.239 0.012390 2.797634
138.085 -0.059943 2.731990
137.931 -0.119661 2.661558
137.778 -0.167132 2.589362
137.625 -0.203405 2.517990
137.472 -0.230118 2.449531
137.32 -0.249418 2.385357
137.168 -0.263645 2.325843
137.017 -0.274781 2.270334
136.865 -0.283928 2.217523
136.714 -0.291170 2.166083
136.564 -0.295850 2.115191
136.414 -0.296999 2.064724
136.264 -0.293693 2.015265
136.114 -0.285382 1.968012
135.965 -0.272201 1.924535
135.816 -0.255117 1.886350
135.667 -0.235793 1.854468
135.519 -0.216247 1.829109
135.371 -0.198415 1.809635
135.224 -0.183759 1.794695
135.076 -0.172992 1.782583
134.929 -0.166080 1.771666
134.783 -0.162500 1.760690
134.636 -0.161560 1.748807
134.49 -0.162553 1.735394
134.345 -0.164664 1.719944
134.199 -0.166857 1.702194
134.054 -0.167993 1.682347
133.909 -0.167164 1.661135
133.765 -0.163987 1.639584
133.621 -0.158647 1.618610
133.477 -0.151627 1.598725
133.333 -0.143334 1.580046
133.19 -0.133882 1.562565
133.047 -0.123176 1.546474
132.905 -0.111212 1.532269
132.762 -0.098310 1.520599
132.62 -0.085168 1.512043
132.479 -0.072842 1.506953
132.337 -0.062714 1.505219
132.196 -0.056247 1.505979
132.055 -0.054457 1.507540
131.915 -0.057401 1.507732
131.775 -0.064035 1.504549
131.635 -0.072484 1.496703
131.495 -0.080527 1.483875
131.356 -0.086046 1.466718
131.217 -0.087408 1.446720
131.078 -0.083809 1.425925
130.94 -0.075456 1.406451
130.802 -0.063419 1.389966
130.664 -0.049196 1.377390
130.526 -0.034272 1.368965
130.389 -0.019912 1.364497
130.252 -0.007174 1.363565
130.115 0.002996 1.365576
129.979 0.009727 1.369690
129.843 0.012321 1.374704
129.707 0.010491 1.379036
129.572 0.004628 1.380878
129.436 -0.003987 1.378567
129.301 -0.013252 1.371128
129.167 -0.020709 1.358759
129.032 -0.024303 1.342914
128.898 -0.023068 1.325835
128.764 -0.017322 1.309748
128.631 -0.008295 1.296174
128.497 0.002522 1.285690
128.364 0.013931 1.278153
128.232 0.025244 1.273150
128.099 0.036139 1.270387
127.967 0.046330 1.269817
127.835 0.055303 1.271463
127.703 0.062309 1.275127
127.572 0.066573 1.280202
127.441 0.067561 1.285682
127.31 0.065168 1.290300
127.179 0.059848 1.292722
127.049 0.052672 1.291840
126.919 0.045177 1.287104
126.789 0.039012 1.278707
126.66 0.035575 1.267530
126.531 0.035753 1.254929
126.402 0.039784 1.242473
126.273 0.047254 1.231626
126.144 0.057255 1.223481
126.016 0.068648 1.218652
125.888 0.080270 1.217331
125.761 0.091012 1.219370
125.633 0.099863 1.224302
125.506 0.106014 1.231339
125.379 0.108991 1.239460
125.253 0.108708 1.247570
125.126 0.105437 1.254628
125 0.099788 1.259723
124.874 0.092695 1.262194
124.748 0.085333 1.261805
124.623 0.078875 1.258852
124.498 0.074238 1.254097
124.373 0.071917 1.248594
124.248 0.071912 1.243483
124.124 0.073730 1.239765
124 0.076518 1.238059
123.876 0.079357 1.238498
123.752 0.081543 1.240866
123.629 0.082654 1.244893
123.506 0.082328 1.250450
123.383 0.080002 1.257410
123.26 0.074942 1.265337
123.138 0.066544 1.273336
123.016 0.054636 1.280209
122.894 0.039570 1.284735
122.772 0.022143 1.285906
122.651 0.003465 1.283052
122.53 -0.015188 1.275929
122.409 -0.032546 1.264744
122.288 -0.047508 1.250095
122.167 -0.059243 1.232862
122.047 -0.067226 1.214108
121.927 -0.071274 1.194999
121.807 -0.071588 1.176696
121.688 -0.068732 1.160200
121.569 -0.063524 1.146226
121.45 -0.056877 1.135170
121.331 -0.049706 1.127172
121.212 -0.042903 1.122157
121.094 -0.037328 1.119821
120.976 -0.033724 1.119615
120.858 -0.032633 1.120795
120.74 -0.034367 1.122515
120.623 -0.039015 1.123861
120.505 -0.046424 1.123873
120.388 -0.056120 1.121584
120.272 -0.067230 1.116163
120.155 -0.078526 1.107153
120.039 -0.088645 1.094661
119.923 -0.096399 1.079349
119.807 -0.100989 1.062273
119.691 -0.102106 1.044672
119.576 -0.099964 1.027759
119.461 -0.095228 1.012465
119.346 -0.088780 0.999261
119.231 -0.081412 0.988180
119.116 -0.073648 0.979042
119.002 -0.065786 0.971692
118.888 -0.058071 0.966084
118.774 -0.050817 0.962219
118.66 -0.044433 0.960053
118.547 -0.039401 0.959428
118.434 -0.036255 0.960010
118.321 -0.035493 0.961193
118.208 -0.037394 0.962086
118.095 -0.041838 0.961633
117.983 -0.048231 0.958842
117.871 -0.055573 0.953013
117.759 -0.062620 0.943899
117.647 -0.068090 0.931791
117.536 -0.070929 0.917510
117.424 -0.070560 0.902235
117.313 -0.066976 0.887197
117.202 -0.060634 0.873397
117.092 -0.052222 0.861472
116.981 -0.042437 0.851728
116.871 -0.031869 0.844278
116.761 -0.021025 0.839194
116.651 -0.010457 0.836536
116.541 -0.000829 0.836243
116.432 0.007155 0.837997
116.323 0.012924 0.841205
116.214 0.016174 0.845114
116.105 0.016866 0.848962
115.996 0.015149 0.852067
115.888 0.011284 0.853816
115.78 0.005640 0.853606
115.672 -0.001213 0.850844
115.564 -0.008413 0.845057
115.456 -0.014814 0.836111
115.349 -0.019188 0.824415
115.242 -0.020574 0.810951
115.135 -0.018576 0.797031
115.028 -0.013428 0.783924
114.921 -0.005801 0.772567
114.815 0.003455 0.763487
114.709 0.013498 0.756870
114.603 0.023577 0.752654
114.497 0.033053 0.750603
114.391 0.041401 0.750350
114.286 0.048240 0.751401
114.18 0.053387 0.753178
114.075 0.056896 0.755124
113.971 0.059002 0.756839
113.866 0.059965 0.758119
113.761 0.059955 0.758870
113.657 0.059052 0.758975
113.553 0.057345 0.758238
113.449 0.055021 0.756426
113.346 0.052370 0.753353
113.242 0.049753 0.748918
113.139 0.047580 0.743111
113.036 0.046313 0.736061
112.933 0.046403 0.728100
112.83 0.048154 0.719790
112.727 0.051572 0.711820
112.625 0.056317 0.704797
112.523 0.061822 0.699059
112.421 0.067491 0.694618
112.319 0.072866 0.691229
112.217 0.077724 0.688526
112.116 0.082053 0.686175
112.014 0.085962 0.683962
111.913 0.089584 0.681789
111.812 0.093016 0.679631
111.712 0.096319 0.677482
111.611 0.099548 0.675330
111.511 0.102786 0.673182
111.411 0.106128 0.671109
111.311 0.109609 0.669269
111.211 0.113145 0.667848
111.111 0.116518 0.666972
111.012 0.119432 0.666623
110.912 0.121609 0.666609
110.813 0.122892 0.666593
110.714 0.123305 0.666180
110.616 0.123061 0.665018
110.517 0.122519 0.662885
110.419 0.122091 0.659746
110.32 0.122143 0.655744
110.222 0.122926 0.651134
110.124 0.124555 0.646210
110.027 0.127036 0.641243
109.929 0.130302 0.636443
109.832 0.134273 0.631953
109.735 0.138891 0.627891
109.637 0.144113 0.624400
109.541 0.149845 0.621670
109.444 0.155892 0.619876
109.347 0.161988 0.619099
109.251 0.167875 0.619307
109.155 0.173371 0.620404
109.059 0.178357 0.622312
108.963 0.182707 0.625013
108.867 0.186200 0.628486
108.772 0.188529 0.632603
108.677 0.189389 0.637049
108.581 0.188613 0.641334
108.486 0.186262 0.644880
108.392 0.182668 0.647164
108.297 0.178363 0.647854
108.202 0.173958 0.646888
108.108 0.169984 0.644465
108.014 0.166790 0.640937
107.92 0.164526 0.636684
107.826 0.163201 0.632026
107.732 0.162763 0.627197
107.639 0.163153 0.622363
107.546 0.164342 0.617664
107.452 0.166324 0.613277
107.359 0.169045 0.609457
107.266 0.172308 0.606498
107.174 0.175742 0.604595
107.081 0.178902 0.603745
106.989 0.181397 0.603740
106.897 0.182976 0.604245
106.804 0.183547 0.604885
106.713 0.183157 0.605301
106.621 0.181963 0.605199
106.529 0.180196 0.604382
106.438 0.178090 0.602751
106.346 0.175849 0.600260
106.255 0.173666 0.596866
106.164 0.171781 0.592527
106.074 0.170514 0.587269
105.983 0.170221 0.581268
105.892 0.171196 0.574883
105.802 0.173558 0.568607
105.712 0.177189 0.562958
105.622 0.181755 0.558354
105.532 0.186785 0.555007
105.442 0.191810 0.552910
105.353 0.196458 0.551887
105.263 0.200492 0.551698
105.174 0.203771 0.552096
105.085 0.206218 0.552845
104.996 0.207797 0.553704
104.907 0.208533 0.554420
104.818 0.208535 0.554751
104.73 0.207994 0.554510
104.641 0.207147 0.553612
104.553 0.206211 0.552071
104.465 0.205337 0.549963
104.377 0.204606 0.547365
104.289 0.204073 0.544321
104.202 0.203797 0.540856
104.114 0.203856 0.536984
104.027 0.204354 0.532728
103.94 0.205429 0.528135
103.853 0.207256 0.523323
103.766 0.209989 0.518520
103.679 0.213676 0.514058
103.592 0.218209 0.510288
103.506 0.223330 0.507493
103.42 0.228689 0.505834
103.333 0.233909 0.505328
103.247 0.238643 0.505857
103.161 0.242626 0.507202
103.076 0.245690 0.509093
102.99 0.247755 0.511255
102.905 0.248805 0.513412
102.819 0.248887 0.515284
102.734 0.248142 0.516605
102.649 0.246796 0.517178
102.564 0.245113 0.516910
102.479 0.243325 0.515790
102.395 0.241631 0.513836
102.31 0.240239 0.511063
102.226 0.239417 0.507541
102.142 0.239455 0.503474
102.058 0.240546 0.499235
101.974 0.242680 0.495280
101.89 0.245620 0.492002
101.806 0.248988 0.489622
101.723 0.252384 0.488161
101.639 0.255475 0.487485
101.556 0.258033 0.487361
101.473 0.259952 0.487500
101.39 0.261261 0.487615
101.307 0.262121 0.487479
101.224 0.262772 0.486999
101.142 0.263442 0.486242
101.059 0.264242 0.485386
100.977 0.265138 0.484614
100.895 0.265992 0.484031
100.813 0.266645 0.483636
100.731 0.266960 0.483354
100.649 0.266835 0.483061
100.568 0.266199 0.482578
100.486 0.265054 0.481662
100.405 0.263531 0.480037
100.324 0.261928 0.477476
100.243 0.260682 0.473921
100.162 0.260246 0.469574
100.081 0.260903 0.464872
100 0.262650 0.460326
99.9194 0.265229 0.456333
99.839 0.268260 0.453066
99.7586 0.271399 0.450479
99.6785 0.274432 0.448395
99.5984 0.277297 0.446607
99.5185 0.280055 0.444969
99.4387 0.282815 0.443444
99.359 0.285644 0.442094
99.2794 0.288524 0.441013
99.2 0.291361 0.440254
99.1207 0.294040 0.439801
99.0415 0.296475 0.439571
98.9625 0.298644 0.439451
98.8836 0.300594 0.439347
98.8048 0.302407 0.439231
98.7261 0.304146 0.439147
98.6476 0.305799 0.439182
98.5692 0.307257 0.439388
98.4909 0.308361 0.439713
98.4127 0.308991 0.439974
98.3347 0.309155 0.439899
98.2567 0.309043 0.439227
98.1789 0.308999 0.437825
98.1013 0.309420 0.435780
98.0237 0.310606 0.433395
97.9463 0.312650 0.431085
97.869 0.315424 0.429240
97.7918 0.318658 0.428122
97.7147 0.322018 0.427850
97.6378 0.325159 0.428398
97.561 0.327784 0.429590
97.4843 0.329719 0.431142
97.4077 0.330954 0.432739
97.3312 0.331622 0.434136
97.2549 0.331921 0.435202
97.1787 0.332052 0.435919
97.1026 0.332174 0.436344
97.0266 0.332395 0.436581
96.9507 0.332766 0.436767
96.875 0.333275 0.437049
96.7994 0.333830 0.437562
96.7239 0.334266 0.438383
96.6485 0.334387 0.439485
96.5732 0.334034 0.440733
96.4981 0.333150 0.441938
96.423 0.331771 0.442932
96.3481 0.329969 0.443614
96.2733 0.327787 0.443915
96.1986 0.325247 0.443734
96.124 0.322415 0.442907
96.0496 0.319471 0.441266
95.9752 0.316707 0.438729
95.901 0.314447 0.435372
95.8269 0.312941 0.431410
95.7529 0.312317 0.427117
95.679 0.312606 0.422759
95.6052 0.313778 0.418581
95.5316 0.315754 0.414820
95.458 0.318381 0.411702
95.3846 0.321422 0.409403
95.3113 0.324576 0.407993
95.2381 0.327548 0.407413
95.165 0.330114 0.407507
95.092 0.332139 0.408072
95.0192 0.333567 0.408903
94.9464 0.334411 0.409804
94.8738 0.334752 0.410611
94.8012 0.334717 0.411230
94.7288 0.334435 0.411652
94.6565 0.333979 0.411930
94.5843 0.333345 0.412128
94.5122 0.332469 0.412263
94.4402 0.331276 0.412282
94.3683 0.329733 0.412072
94.2966 0.327864 0.411504
94.2249 0.325752 0.410459
94.1534 0.323516 0.408850
94.0819 0.321306 0.406624
94.0106 0.319295 0.403775
93.9394 0.317658 0.400361
93.8683 0.316537 0.396503
93.7973 0.316007 0.392351
93.7264 0.316092 0.388027
93.6556 0.316823 0.383617
93.5849 0.318278 0.379229
93.5143 0.320538 0.375054
93.4439 0.323602 0.371379
93.3735 0.327316 0.368512
93.3032 0.331381 0.366685
93.2331 0.335410 0.365986
93.163 0.339005 0.366341
93.0931 0.341824 0.367523
93.0233 0.343637 0.369185
92.9535 0.344376 0.370909
92.8839 0.344165 0.372294
92.8144 0.343289 0.373054
92.745 0.342099 0.373081
92.6756 0.340918 0.372438
92.6064 0.339967 0.371300
92.5373 0.339356 0.369892
92.4683 0.339081 0.368447
92.3994 0.339029 0.367157
92.3306 0.339001 0.366133
92.2619 0.338760 0.365362
92.1933 0.338095 0.364695
92.1248 0.336896 0.363874
92.0564 0.335196 0.362591
91.9881 0.333201 0.360563
91.9199 0.331266 0.357631
91.8519 0.329814 0.353851
91.7839 0.329183 0.349507
91.716 0.329507 0.345013
91.6482 0.330691 0.340766
91.5805 0.332478 0.337041
91.5129 0.334536 0.333938
91.4454 0.336559 0.331380
91.378 0.338349 0.329154
91.3108 0.339874 0.326999
91.2436 0.341253 0.324708
91.1765 0.342694 0.322202
91.1095 0.344393 0.319545
91.0426 0.346465 0.316900
90.9758 0.348910 0.314456
90.9091 0.351632 0.312366
90.8425 0.354483 0.310715
90.776 0.357302 0.309510
90.7096 0.359942 0.308694
90.6433 0.362295 0.308148
90.5771 0.364329 0.307708
90.5109 0.366115 0.307225
90.4449 0.367804 0.306633
90.379 0.369547 0.305997
90.3132 0.371400 0.305478
90.2475 0.373279 0.305248
90.1818 0.374979 0.305392
90.1163 0.376254 0.305843
90.0508 0.376910 0.306378
89.9855 0.376907 0.306665
89.9202 0.376408 0.306377
89.8551 0.375741 0.305319
89.79 0.375280 0.303503
89.725 0.375326 0.301112
89.6602 0.376046 0.298417
89.5954 0.377481 0.295706
89.5307 0.379568 0.293242
89.4661 0.382152 0.291240
89.4016 0.385013 0.289832
89.3372 0.387904 0.289041
89.2729 0.390607 0.288784
89.2086 0.392982 0.288903
89.1445 0.394982 0.289219
89.0805 0.396642 0.289569
89.0165 0.398063 0.289841
88.9527 0.399381 0.289998
88.8889 0.400722 0.290095
88.8252 0.402145 0.290245
88.7616 0.403633 0.290578
88.6981 0.405100 0.291195
88.6347 0.406415 0.292153
88.5714 0.407423 0.293456
88.5082 0.407953 0.295038
88.4451 0.407849 0.296757
88.382 0.407009 0.298385
88.3191 0.405438 0.299634
88.2562 0.403282 0.300220
88.1935 0.400823 0.299952
88.1308 0.398391 0.298792
88.0682 0.396280 0.296845
88.0057 0.394695 0.294299
87.9433 0.393757 0.291380
87.8809 0.393505 0.288337
87.8187 0.393872 0.285415
87.7565 0.394693 0.282791
87.6945 0.395753 0.280531
87.6325 0.396870 0.278581
87.5706 0.397944 0.276819
87.5088 0.398978 0.275122
87.4471 0.400040 0.273429
87.3855 0.401194 0.271751
87.3239 0.402466 0.270126
87.2625 0.403857 0.268584
87.2011 0.405374 0.267152
87.1398 0.407027 0.265879
87.0787 0.408789 0.264846
87.0175 0.410569 0.264123
86.9565 0.412232 0.263714
86.8956 0.413655 0.263538
86.8347 0.414793 0.263459
86.774 0.415684 0.263350
86.7133 0.416426 0.263148
86.6527 0.417119 0.262861
86.5922 0.417830 0.262557
86.5318 0.418570 0.262337
86.4714 0.419277 0.262309
86.4111 0.419809 0.262543
86.351 0.419959 0.263017
86.2909 0.419524 0.263570
86.2309 0.418398 0.263908
86.171 0.416652 0.263681
86.1111 0.414550 0.262597
86.0514 0.412485 0.260530
85.9917 0.410875 0.257569
85.9321 0.410029 0.253994
85.8726 0.410071 0.250177
85.8131 0.410933 0.246463
85.7538 0.412429 0.243084
85.6945 0.414343 0.240146
85.6354 0.416481 0.237659
85.5763 0.418694 0.235576
85.5172 0.420882 0.233811
85.4583 0.423007 0.232261
85.3994 0.425091 0.230844
85.3407 0.427195 0.229533
85.282 0.429364 0.228362
85.2234 0.431597 0.227398
85.1648 0.433839 0.226696
85.1064 0.436002 0.226274
85.048 0.438001 0.226102
84.9897 0.439766 0.226120
84.9315 0.441256 0.226239
84.8734 0.442473 0.226356
84.8153 0.443472 0.226380
84.7573 0.444350 0.226269
84.6995 0.445204 0.226049
84.6416 0.446081 0.225801
84.5839 0.446961 0.225617
84.5262 0.447760 0.225550
84.4687 0.448369 0.225595
84.4112 0.448681 0.225683
84.3537 0.448619 0.225681
84.2964 0.448170 0.225401
84.2391 0.447424 0.224623
84.1819 0.446610 0.223170
84.1248 0.446059 0.221004
84.0678 0.446101 0.218275
84.0108 0.446953 0.215292
83.954 0.448645 0.212433
83.8972 0.451027 0.210032
83.8404 0.453823 0.208299
83.7838 0.456711 0.207285
83.7272 0.459412 0.206896
83.6707 0.461747 0.206940
83.6143 0.463652 0.207196
83.558 0.465169 0.207470
83.5017 0.466410 0.207636
83.4455 0.467506 0.207650
83.3894 0.468564 0.207536
83.3333 0.469646 0.207355
83.2774 0.470767 0.207174
83.2215 0.471906 0.207047
83.1657 0.473018 0.206996
83.1099 0.474063 0.207012
83.0543 0.475023 0.207064
82.9987 0.475910 0.207128
82.9431 0.476745 0.207205
82.8877 0.477532 0.207322
82.8323 0.478248 0.207503
82.777 0.478848 0.207759
82.7218 0.479280 0.208069
82.6667 0.479501 0.208393
82.6116 0.479477 0.208671
82.5566 0.479191 0.208823
82.5017 0.478657 0.208748
82.4468 0.477939 0.208342
82.392 0.477155 0.207530
82.3373 0.476452 0.206302
82.2827 0.475956 0.204711
82.2281 0.475755 0.202845
82.1736 0.475897 0.200798
82.1192 0.476408 0.198664
82.0649 0.477286 0.196537
82.0106 0.478505 0.194503
81.9564 0.480026 0.192627
81.9022 0.481805 0.190962
81.8482 0.483798 0.189559
81.7942 0.485939 0.188467
81.7403 0.488144 0.187720
81.6864 0.490312 0.187314
81.6327 0.492358 0.187206
81.5789 0.494226 0.187326
81.5253 0.495900 0.187600
81.4717 0.497401 0.187973
81.4183 0.498762 0.188428
81.3648 0.500000 0.188983
81.3115 0.501093 0.189672
81.2582 0.501980 0.190508
81.205 0.502580 0.191467
81.1518 0.502822 0.192477
81.0988 0.502657 0.193431
81.0458 0.502086 0.194198
80.9928 0.501159 0.194650
80.9399 0.499973 0.194681
80.8871 0.498651 0.194225
80.8344 0.497325 0.193254
80.7818 0.496133 0.191768
80.7292 0.495224 0.189804
80.6766 0.494743 0.187454
80.6242 0.494800 0.184875
80.5718 0.495425 0.182260
80.5195 0.496563 0.179785
80.4672 0.498106 0.177565
80.415 0.499946 0.175657
80.3629 0.501992 0.174090
80.3109 0.504153 0.172884
80.2589 0.506331 0.172037
80.207 0.508430 0.171510
80.1551 0.510386 0.171228
80.1034 0.512184 0.171110
80.0516 0.513845 0.171100
80 0.515395 0.171179
79.9484 0.516847 0.171350
79.8969 0.518192 0.171622
79.8455 0.519398 0.171987
79.7941 0.520438 0.172412
79.7428 0.521311 0.172844
79.6915 0.522050 0.173240
79.6403 0.522707 0.173594
79.5892 0.523318 0.173943
79.5382 0.523875 0.174343
79.4872 0.524321 0.174830
79.4363 0.524577 0.175393
79.3854 0.524575 0.175973
79.3346 0.524288 0.176480
79.2839 0.523725 0.176826
79.2332 0.522918 0.176934
79.1826 0.521907 0.176731
79.1321 0.520754 0.176137
79.0816 0.519565 0.175065
79.0312 0.518510 0.173470
78.9809 0.517797 0.171395
78.9306 0.517601 0.168997
78.8804 0.517998 0.166505
78.8303 0.518938 0.164144
78.7802 0.520284 0.162066
78.7302 0.521876 0.160327
78.6802 0.523585 0.158916
78.6303 0.525324 0.157788
78.5805 0.527043 0.156893
78.5307 0.528724 0.156191
78.481 0.530353 0.155660
78.4314 0.531912 0.155290
78.3818 0.533368 0.155063
78.3323 0.534693 0.154945
78.2828 0.535870 0.154886
78.2334 0.536909 0.154832
78.1841 0.537844 0.154743
78.1348 0.538720 0.154599
78.0856 0.539584 0.154406
78.0365 0.540474 0.154195
77.9874 0.541403 0.154012
77.9384 0.542358 0.153907
77.8894 0.543297 0.153918
77.8406 0.544161 0.154062
77.7917 0.544884 0.154323
77.7429 0.545409 0.154657
77.6942 0.545699 0.154996
77.6456 0.545743 0.155263
77.597 0.545560 0.155378
77.5485 0.545190 0.155268
77.5 0.544701 0.154871
77.4516 0.544184 0.154146
77.4032 0.543744 0.153090
77.355 0.543487 0.151743
77.3067 0.543485 0.150182
77.2586 0.543776 0.148496
77.2105 0.544364 0.146771
77.1624 0.545231 0.145079
77.1144 0.546343 0.143481
77.0665 0.547655 0.142016
77.0186 0.549123 0.140710
76.9708 0.550702 0.139573
76.9231 0.552353 0.138606
76.8754 0.554042 0.137797
76.8278 0.555752 0.137126
76.7802 0.557483 0.136580
76.7327 0.559241 0.136165
76.6852 0.561022 0.135901
76.6378 0.562802 0.135810
76.5905 0.564546 0.135903
76.5432 0.566214 0.136179
76.496 0.567771 0.136627
76.4488 0.569179 0.137228
76.4017 0.570405 0.137951
76.3547 0.571428 0.138757
76.3077 0.572236 0.139603
76.2608 0.572831 0.140453
76.2139 0.573215 0.141276
76.1671 0.573385 0.142041
76.1203 0.573339 0.142712
76.0736 0.573075 0.143237
76.027 0.572608 0.143552
75.9804 0.571981 0.143579
75.9339 0.571275 0.143247
75.8874 0.570621 0.142515
75.841 0.570171 0.141409
75.7946 0.570059 0.140032
75.7483 0.570350 0.138541
75.7021 0.571028 0.137096
75.6559 0.572010 0.135814
75.6098 0.573191 0.134754
75.5637 0.574475 0.133921
75.5177 0.575794 0.133290
75.4717 0.577105 0.132827
75.4258 0.578391 0.132502
75.3799 0.579645 0.132295
75.3341 0.580863 0.132200
75.2884 0.582030 0.132215
75.2427 0.583119 0.132335
75.1971 0.584105 0.132533
75.1515 0.584979 0.132768
75.106 0.585758 0.133001
75.0605 0.586484 0.133215
75.0151 0.587193 0.133430
74.9698 0.587901 0.133690
74.9245 0.588582 0.134044
74.8792 0.589176 0.134523
74.834 0.589599 0.135115
74.7889 0.589781 0.135755
74.7438 0.589692 0.136343
74.6988 0.589359 0.136775
74.6538 0.588855 0.136980
74.6089 0.588261 0.136934
74.564 0.587639 0.136642
74.5192 0.587033 0.136111
74.4745 0.586484 0.135338
74.4298 0.586054 0.134323
74.3851 0.585824 0.133093
74.3405 0.585865 0.131721
74.296 0.586210 0.130313
74.2515 0.586836 0.128979
74.2071 0.587676 0.127803
74.1627 0.588640 0.126826
74.1184 0.589639 0.126046
74.0741 0.590602 0.125428
74.0299 0.591482 0.124913
73.9857 0.592270 0.124435
73.9416 0.592989 0.123938
73.8975 0.593682 0.123393
73.8535 0.594389 0.122799
73.8095 0.595141 0.122168
73.7656 0.595955 0.121518
73.7218 0.596844 0.120864
73.678 0.597823 0.120226
73.6342 0.598907 0.119634
73.5905 0.600094 0.119132
73.5469 0.601362 0.118763
73.5033 0.602672 0.118558
73.4597 0.603979 0.118533
73.4162 0.605237 0.118696
73.3728 0.606390 0.119043
73.3294 0.607382 0.119552
73.2861 0.608156 0.120182
73.2428 0.608672 0.120867
73.1995 0.608911 0.121531
73.1563 0.608880 0.122091
73.1132 0.608605 0.122470
73.0701 0.608137 0.122591
73.0271 0.607551 0.122388
72.9841 0.606957 0.121815
72.9412 0.606489 0.120871
72.8983 0.606282 0.119619
72.8555 0.606429 0.118183
72.8127 0.606950 0.116708
72.77 0.607804 0.115317
72.7273 0.608915 0.114088
72.6846 0.610206 0.113057
72.6421 0.611611 0.112234
72.5995 0.613080 0.111617
72.5571 0.614565 0.111203
72.5146 0.616018 0.110975
72.4722 0.617400 0.110901
72.4299 0.618692 0.110937
72.3876 0.619897 0.111047
72.3454 0.621030 0.111209
72.3032 0.622101 0.111418
72.2611 0.623111 0.111670
72.219 0.624062 0.111957
72.1769 0.624960 0.112270
72.135 0.625819 0.112612
72.093 0.626642 0.112998
72.0511 0.627417 0.113444
72.0093 0.628121 0.113957
71.9675 0.628729 0.114532
71.9258 0.629217 0.115157
71.8841 0.629561 0.115811
71.8424 0.629736 0.116465
71.8008 0.629725 0.117074
71.7593 0.629527 0.117580
71.7178 0.629162 0.117919
71.6763 0.628678 0.118029
71.6349 0.628154 0.117865
71.5935 0.627693 0.117418
71.5522 0.627399 0.116728
71.511 0.627350 0.115886
71.4697 0.627567 0.115009
71.4286 0.628007 0.114204
71.3874 0.628591 0.113528
71.3464 0.629231 0.112984
71.3053 0.629873 0.112535
71.2644 0.630504 0.112134
71.2234 0.631139 0.111748
71.1825 0.631805 0.111375
71.1417 0.632519 0.111030
71.1009 0.633281 0.110738
71.0602 0.634074 0.110519
71.0195 0.634872 0.110380
70.9788 0.635655 0.110308
70.9382 0.636418 0.110287
70.8977 0.637167 0.110308
70.8571 0.637918 0.110373
70.8167 0.638677 0.110503
70.7763 0.639435 0.110727
70.7359 0.640163 0.111073
70.6956 0.640809 0.111553
70.6553 0.641317 0.112155
70.615 0.641633 0.112836
70.5748 0.641727 0.113530
70.5347 0.641604 0.114167
70.4946 0.641288 0.114692
70.4545 0.640816 0.115066
70.4145 0.640222 0.115264
70.3746 0.639535 0.115260
70.3347 0.638794 0.115024
70.2948 0.638053 0.114527
70.255 0.637390 0.113756
70.2152 0.636897 0.112730
70.1754 0.636662 0.111512
70.1357 0.636741 0.110206
70.0961 0.637134 0.108936
70.0565 0.637786 0.107809
70.0169 0.638602 0.106889
69.9774 0.639478 0.106190
69.938 0.640326 0.105677
69.8985 0.641093 0.105285
69.8592 0.641764 0.104941
69.8198 0.642364 0.104586
69.7805 0.642939 0.104185
69.7413 0.643542 0.103734
69.7021 0.644218 0.103261
69.6629 0.644985 0.102809
69.6238 0.645840 0.102423
69.5847 0.646759 0.102138
69.5457 0.647712 0.101977
69.5067 0.648660 0.101951
69.4678 0.649565 0.102059
69.4289 0.650393 0.102282
69.39 0.651122 0.102598
69.3512 0.651740 0.102987
69.3125 0.652234 0.103432
69.2737 0.652586 0.103916
69.2351 0.652777 0.104410
69.1964 0.652792 0.104875
69.1578 0.652630 0.105262
69.1193 0.652307 0.105515
69.0808 0.651858 0.105584
69.0423 0.651339 0.105429
69.0039 0.650822 0.105028
68.9655 0.650386 0.104385
68.9272 0.650112 0.103541
68.8889 0.650061 0.102571
68.8506 0.650245 0.101571
68.8124 0.650630 0.100627
68.7743 0.651147 0.099781
68.7361 0.651738 0.099030
68.6981 0.652373 0.098349
68.66 0.653051 0.097722
68.622 0.653776 0.097149
68.5841 0.654541 0.096640
68.5462 0.655332 0.096199
68.5083 0.656137 0.095820
68.4705 0.656952 0.095493
68.4327 0.657784 0.095214
68.3949 0.658640 0.094990
68.3572 0.659525 0.094838
68.3196 0.660430 0.094784
68.2819 0.661328 0.094848
68.2444 0.662179 0.095042
68.2068 0.662939 0.095353
68.1693 0.663569 0.095748
68.1319 0.664051 0.096182
68.0945 0.664390 0.096605
68.0571 0.664611 0.096980
68.0197 0.664748 0.097291
67.9825 0.664834 0.097541
67.9452 0.664889 0.097751
67.908 0.664906 0.097948
67.8708 0.664857 0.098150
67.8337 0.664694 0.098342
67.7966 0.664376 0.098471
67.7596 0.663901 0.098450
67.7226 0.663328 0.098189
67.6856 0.662764 0.097642
67.6487 0.662332 0.096828
67.6118 0.662125 0.095829
67.5749 0.662177 0.094752
67.5381 0.662468 0.093691
67.5014 0.662948 0.092711
67.4646 0.663565 0.091839
67.4279 0.664273 0.091083
67.3913 0.665037 0.090441
67.3547 0.665829 0.089905
67.3181 0.666628 0.089460
67.2816 0.667424 0.089093
67.2451 0.668215 0.088791
67.2087 0.669003 0.088552
67.1723 0.669786 0.088382
67.1359 0.670550 0.088289
67.0996 0.671272 0.088272
67.0633 0.671929 0.088318
67.027 0.672506 0.088396
66.9908 0.673010 0.088474
66.9546 0.673465 0.088533
66.9185 0.673899 0.088575
66.8824 0.674326 0.088620
66.8464 0.674742 0.088689
66.8103 0.675129 0.088794
66.7744 0.675464 0.088939
66.7384 0.675722 0.089116
66.7025 0.675879 0.089302
66.6667 0.675919 0.089464
66.6308 0.675840 0.089557
66.5951 0.675659 0.089536
66.5593 0.675417 0.089358
66.5236 0.675170 0.089001
66.4879 0.674986 0.088470
66.4523 0.674922 0.087799
66.4167 0.675012 0.087042
66.3812 0.675267 0.086254
66.3456 0.675677 0.085488
66.3102 0.676215 0.084786
66.2747 0.676842 0.084170
66.2393 0.677522 0.083642
66.204 0.678230 0.083184
66.1686 0.678968 0.082780
66.1333 0.679755 0.082430
66.0981 0.680602 0.082165
66.0629 0.681491 0.082030
66.0277 0.682371 0.082056
65.9925 0.683172 0.082240
65.9574 0.683837 0.082538
65.9224 0.684337 0.082888
65.8874 0.684680 0.083225
65.8524 0.684899 0.083504
65.8174 0.685034 0.083699
65.7825 0.685126 0.083809
65.7476 0.685208 0.083843
65.7128 0.685304 0.083825
65.678 0.685423 0.083785
65.6432 0.685556 0.083756
65.6085 0.685668 0.083761
65.5738 0.685712 0.083795
65.5391 0.685649 0.083821
65.5045 0.685464 0.083779
65.4699 0.685177 0.083602
65.4354 0.684848 0.083234
65.4008 0.684561 0.082658
65.3664 0.684406 0.081903
65.3319 0.684443 0.081043
65.2975 0.684682 0.080167
65.2632 0.685089 0.079344
65.2288 0.685614 0.078612
65.1945 0.686208 0.077975
65.1603 0.686840 0.077421
65.1261 0.687499 0.076935
65.0919 0.688184 0.076512
65.0577 0.688894 0.076157
65.0236 0.689622 0.075879
64.9895 0.690354 0.075691
64.9555 0.691066 0.075605
64.9215 0.691722 0.075620
64.8875 0.692280 0.075717
64.8536 0.692711 0.075850
64.8197 0.693017 0.075964
64.7858 0.693226 0.076015
64.752 0.693377 0.075985
64.7182 0.693505 0.075873
64.6844 0.693634 0.075689
64.6507 0.693779 0.075444
64.617 0.693954 0.075148
64.5833 0.694171 0.074814
64.5497 0.694437 0.074463
64.5161 0.694747 0.074111
64.4826 0.695095 0.073772
64.4491 0.695471 0.073455
64.4156 0.695863 0.073165
64.3821 0.696260 0.072905
64.3487 0.696651 0.072669
64.3154 0.697033 0.072453
64.282 0.697401 0.072261
64.2487 0.697740 0.072094
64.2154 0.698028 0.071941
64.1822 0.698246 0.071772
64.149 0.698399 0.071543
64.1158 0.698520 0.071217
64.0827 0.698657 0.070778
64.0496 0.698860 0.070235
64.0165 0.699168 0.069620
63.9835 0.699608 0.068970
63.9505 0.700189 0.068332
63.9175 0.700909 0.067755
63.8846 0.701746 0.067285
63.8517 0.702662 0.066962
63.8188 0.703609 0.066808
63.786 0.704532 0.066827
63.7532 0.705383 0.067009
63.7205 0.706116 0.067333
63.6877 0.706691 0.067766
63.655 0.707071 0.068267
63.6224 0.707231 0.068774
63.5897 0.707166 0.069215
63.5572 0.706901 0.069518
63.5246 0.706484 0.069619
63.4921 0.705982 0.069471
63.4596 0.705481 0.069052
63.4271 0.705077 0.068373
63.3947 0.704856 0.067485
63.3623 0.704873 0.066472
63.3299 0.705144 0.065428
63.2976 0.705645 0.064444
63.2653 0.706319 0.063583
63.233 0.707094 0.062876
63.2008 0.707902 0.062318
63.1686 0.708694 0.061876
63.1365 0.709450 0.061505
63.1043 0.710181 0.061170
63.0722 0.710911 0.060860
63.0402 0.711659 0.060588
63.0081 0.712421 0.060380
62.9761 0.713174 0.060254
62.9442 0.713883 0.060209
62.9122 0.714521 0.060230
62.8803 0.715063 0.060290
62.8485 0.715499 0.060355
62.8166 0.715826 0.060384
62.7848 0.716060 0.060336
62.753 0.716237 0.060175
62.7213 0.716404 0.059884
62.6896 0.716611 0.059469
62.6579 0.716899 0.058950
62.6263 0.717298 0.058360
62.5946 0.717827 0.057736
62.5631 0.718491 0.057123
62.5315 0.719279 0.056563
62.5 0.720163 0.056087
62.4685 0.721110 0.055711
62.4371 0.722096 0.055433
62.4056 0.723104 0.055253
62.3742 0.724125 0.055174
62.3429 0.725145 0.055208
62.3116 0.726133 0.055366
62.2803 0.727052 0.055648
62.249 0.727859 0.056033
62.2178 0.728520 0.056485
62.1866 0.729015 0.056953
62.1554 0.729347 0.057377
62.1242 0.729544 0.057705
62.0931 0.729650 0.057900
62.0621 0.729718 0.057951
62.031 0.729791 0.057865
62 0.729899 0.057654
