124000 -246923.577572 0.000009
62000 -61729.733181 0.000019
41333.3 -27434.576809 0.000028
31000 -15431.272076 0.000037
24800 -9875.456738 0.000047
20666.7 -6857.482970 0.000056
17714.3 -5037.739970 0.000065
15500 -3856.656768 0.000075
13777.8 -3046.910009 0.000084
12400 -2467.702911 0.000093
11272.7 -2039.155157 0.000103
10333.3 -1713.209441 0.000112
9538.46 -1459.547024 0.000121
8857.14 -1258.273657 0.000131
8266.67 -1095.896570 0.000140
7750 -963.002818 0.000149
7294.12 -852.863723 0.000159
6888.89 -760.566085 0.000168
6526.32 -682.454592 0.000177
6200 -615.764261 0.000187
5904.76 -558.372339 0.000196
5636.36 -508.627269 0.000205
5391.3 -465.228534 0.000215
5166.67 -427.140780 0.000224
4960 -393.531493 0.000234
4769.23 -363.725112 0.000243
4592.59 -337.168814 0.000252
4428.57 -313.406701 0.000262
4275.86 -292.060092 0.000271
4133.33 -272.812354 0.000281
4000 -255.397082 0.000290
3875 -239.588836 0.000299
3757.58 -225.195809 0.000309
3647.06 -212.053977 0.000318
3542.86 -200.022411 0.000328
3444.44 -188.979477 0.000337
3351.35 -178.819755 0.000347
3263.16 -169.451508 0.000356
3179.49 -160.794611 0.000366
3100 -152.778825 0.000375
3024.39 -145.342371 0.000385
2952.38 -138.430738 0.000394
2883.72 -131.995677 0.000404
2818.18 -125.994359 0.000413
2755.56 -120.388662 0.000423
2695.65 -115.144559 0.000432
2638.3 -110.231607 0.000442
2583.33 -105.622499 0.000451
2530.61 -101.292686 0.000461
2480 -97.220050 0.000471
2431.37 -93.384619 0.000480
2384.62 -89.768322 0.000490
2339.62 -86.354779 0.000499
2296.3 -83.129110 0.000509
2254.55 -80.077777 0.000519
2214.29 -77.188438 0.000528
2175.44 -74.449827 0.000538
2137.93 -71.851638 0.000548
2101.69 -69.384432 0.000558
2066.67 -67.039550 0.000567
2032.79 -64.809036 0.000577
2000 -62.685572 0.000587
1968.25 -60.662416 0.000596
1937.5 -58.733346 0.000606
1907.69 -56.892619 0.000616
1878.79 -55.134920 0.000626
1850.75 -53.455329 0.000636
1823.53 -51.849286 0.000645
1797.1 -50.312559 0.000655
1771.43 -48.841214 0.000665
1746.48 -47.431594 0.000675
1722.22 -46.080294 0.000685
1698.63 -44.784140 0.000695
1675.68 -43.540172 0.000705
1653.33 -42.345624 0.000715
1631.58 -41.197913 0.000725
1610.39 -40.094622 0.000735
1589.74 -39.033486 0.000745
1569.62 -38.012386 0.000755
1550 -37.029331 0.000765
1530.86 -36.082455 0.000775
1512.2 -35.170004 0.000785
1493.98 -34.290328 0.000795
1476.19 -33.441876 0.000805
1458.82 -32.623188 0.000815
1441.86 -31.832886 0.000826
1425.29 -31.069673 0.000836
1409.09 -30.332326 0.000846
1393.26 -29.619687 0.000856
1377.78 -28.930665 0.000866
1362.64 -28.264227 0.000877
1347.83 -27.619397 0.000887
1333.33 -26.995251 0.000897
1319.15 -26.390911 0.000908
1305.26 -25.805551 0.000918
1291.67 -25.238381 0.000928
1278.35 -24.688656 0.000939
1265.31 -24.155669 0.000949
1252.53 -23.638744 0.000960
1240 -23.137244 0.000970
1227.72 -22.650561 0.000981
1215.69 -22.178116 0.000991
1203.88 -21.719358 0.001002
1192.31 -21.273765 0.001013
1180.95 -20.840836 0.001023
1169.81 -20.420096 0.001034
1158.88 -20.011092 0.001045
1148.15 -19.613391 0.001055
1137.61 -19.226579 0.001066
1127.27 -18.850263 0.001077
1117.12 -18.484066 0.001088
1107.14 -18.127628 0.001098
1097.35 -17.780605 0.001109
1087.72 -17.442668 0.001120
1078.26 -17.113503 0.001131
1068.97 -16.792809 0.001142
1059.83 -16.480296 0.001153
1050.85 -16.175688 0.001164
1042.02 -15.878722 0.001175
1033.33 -15.589143 0.001186
1024.79 -15.306708 0.001197
1016.39 -15.031184 0.001209
1008.13 -14.762346 0.001220
1000 -14.499981 0.001231
992 -14.243881 0.001242
984.127 -13.993848 0.001254
976.378 -13.749692 0.001265
968.75 -13.511231 0.001276
961.24 -13.278287 0.001288
953.846 -13.050693 0.001299
946.565 -12.828284 0.001311
939.394 -12.610906 0.001322
932.331 -12.398406 0.001334
925.373 -12.190639 0.001345
918.519 -11.987466 0.001357
911.765 -11.788753 0.001369
905.109 -11.594369 0.001380
898.551 -11.404189 0.001392
892.086 -11.218093 0.001404
885.714 -11.035965 0.001416
879.433 -10.857691 0.001428
873.239 -10.683164 0.001440
867.133 -10.512280 0.001452
861.111 -10.344938 0.001464
855.172 -10.181039 0.001476
849.315 -10.020491 0.001488
843.537 -9.863201 0.001500
837.838 -9.709083 0.001513
832.215 -9.558051 0.001525
826.667 -9.410024 0.001537
821.192 -9.264922 0.001550
815.789 -9.122667 0.001562
810.458 -8.983187 0.001575
805.195 -8.846408 0.001587
800 -8.712262 0.001600
794.872 -8.580681 0.001613
789.809 -8.451600 0.001625
784.81 -8.324956 0.001638
779.874 -8.200687 0.001651
775 -8.078735 0.001664
770.186 -7.959042 0.001677
765.432 -7.841551 0.001690
760.736 -7.726211 0.001703
756.098 -7.612967 0.001716
751.515 -7.501769 0.001729
746.988 -7.392568 0.001743
742.515 -7.285317 0.001756
738.095 -7.179969 0.001769
733.728 -7.076478 0.001783
729.412 -6.974802 0.001796
725.146 -6.874898 0.001810
720.93 -6.776725 0.001824
716.763 -6.680242 0.001838
712.644 -6.585412 0.001851
708.571 -6.492196 0.001865
704.545 -6.400558 0.001879
700.565 -6.310462 0.001893
696.629 -6.221873 0.001908
692.737 -6.134758 0.001922
688.889 -6.049084 0.001936
685.083 -5.964820 0.001951
681.319 -5.881933 0.001965
677.596 -5.800395 0.001980
673.913 -5.720176 0.001994
670.27 -5.641248 0.002009
666.667 -5.563582 0.002024
663.102 -5.487152 0.002039
659.574 -5.411931 0.002054
656.085 -5.337894 0.002069
652.632 -5.265016 0.002084
649.215 -5.193273 0.002100
645.833 -5.122641 0.002115
642.487 -5.053096 0.002131
639.175 -4.984618 0.002147
635.897 -4.917183 0.002162
632.653 -4.850770 0.002178
629.442 -4.785359 0.002194
626.263 -4.720929 0.002210
623.116 -4.657461 0.002227
620 -4.594935 0.002243
616.915 -4.533333 0.002260
613.861 -4.472636 0.002276
610.837 -4.412827 0.002293
607.843 -4.353887 0.002310
604.878 -4.295801 0.002327
601.942 -4.238551 0.002344
599.034 -4.182121 0.002362
596.154 -4.126496 0.002379
593.301 -4.071659 0.002397
590.476 -4.017597 0.002415
587.678 -3.964293 0.002433
584.906 -3.911735 0.002451
582.16 -3.859907 0.002469
579.439 -3.808796 0.002488
576.744 -3.758389 0.002507
574.074 -3.708673 0.002526
571.429 -3.659635 0.002545
568.807 -3.611262 0.002564
566.21 -3.563542 0.002584
563.636 -3.516463 0.002603
561.086 -3.470014 0.002623
558.559 -3.424183 0.002644
556.054 -3.378959 0.002664
553.571 -3.334331 0.002685
551.111 -3.290289 0.002706
548.673 -3.246822 0.002727
546.256 -3.203919 0.002749
543.86 -3.161571 0.002771
541.485 -3.119769 0.002793
539.13 -3.078501 0.002816
536.797 -3.037760 0.002839
534.483 -2.997536 0.002862
532.189 -2.957820 0.002886
529.915 -2.918603 0.002910
527.66 -2.879877 0.002935
525.424 -2.841633 0.002960
523.207 -2.803863 0.002985
521.008 -2.766559 0.003011
518.828 -2.729712 0.003038
516.667 -2.693316 0.003065
514.523 -2.657363 0.003093
512.397 -2.621845 0.003122
510.288 -2.586755 0.003151
508.197 -2.552085 0.003181
506.122 -2.517829 0.003212
504.065 -2.483980 0.003244
502.024 -2.450531 0.003277
500 -2.417475 0.003311
497.992 -2.384806 0.003346
496 -2.352518 0.003382
494.024 -2.320604 0.003420
492.063 -2.289058 0.003460
490.119 -2.257874 0.003502
488.189 -2.227046 0.003545
486.275 -2.196568 0.003592
484.375 -2.166435 0.003640
482.49 -2.136641 0.003693
480.62 -2.107181 0.003748
478.764 -2.078049 0.003808
476.923 -2.049240 0.003873
475.096 -2.020749 0.003943
473.282 -1.992573 0.004020
471.483 -1.964705 0.004104
469.697 -1.937144 0.004195
467.925 -1.909884 0.004295
466.165 -1.882923 0.004402
464.419 -1.856258 0.004518
462.687 -1.829884 0.004642
460.967 -1.803799 0.004774
459.259 -1.778001 0.004911
457.565 -1.752486 0.005053
455.882 -1.727249 0.005195
454.212 -1.702284 0.005337
452.555 -1.677586 0.005478
450.909 -1.653147 0.005619
449.275 -1.628963 0.005761
447.653 -1.605030 0.005906
446.043 -1.581344 0.006054
444.444 -1.557899 0.006208
442.857 -1.534692 0.006370
441.281 -1.511718 0.006546
439.716 -1.488981 0.006744
438.163 -1.466488 0.006966
436.62 -1.444250 0.007210
435.088 -1.422277 0.007461
433.566 -1.400568 0.007699
432.056 -1.379112 0.007902
430.556 -1.357883 0.008054
429.066 -1.336850 0.008156
427.586 -1.315987 0.008222
426.117 -1.295279 0.008277
424.658 -1.274724 0.008344
423.208 -1.254329 0.008441
421.769 -1.234103 0.008583
420.339 -1.214059 0.008779
418.919 -1.194212 0.009037
417.508 -1.174583 0.009359
416.107 -1.155199 0.009738
414.716 -1.136083 0.010153
413.333 -1.117251 0.010565
411.96 -1.098698 0.010928
410.596 -1.080392 0.011198
409.241 -1.062285 0.011351
407.895 -1.044318 0.011391
406.557 -1.026447 0.011346
405.229 -1.008648 0.011257
403.909 -0.990916 0.011165
402.597 -0.973261 0.011104
401.294 -0.955699 0.011098
400 -0.938251 0.011166
398.714 -0.920943 0.011320
397.436 -0.903807 0.011563
396.166 -0.886875 0.011882
394.904 -0.870175 0.012248
393.651 -0.853716 0.012623
392.405 -0.837487 0.012961
391.167 -0.821457 0.013233
389.937 -0.805584 0.013429
388.715 -0.789831 0.013559
387.5 -0.774174 0.013645
386.293 -0.758605 0.013712
385.093 -0.743122 0.013784
383.901 -0.727733 0.013880
382.716 -0.712452 0.014011
381.538 -0.697296 0.014184
380.368 -0.682277 0.014398
379.205 -0.667413 0.014650
378.049 -0.652721 0.014927
376.9 -0.638215 0.015205
375.758 -0.623895 0.015449
374.622 -0.609737 0.015623
373.494 -0.595698 0.015709
372.372 -0.581734 0.015717
371.257 -0.567811 0.015674
370.149 -0.553915 0.015616
369.048 -0.540049 0.015576
367.953 -0.526226 0.015582
366.864 -0.512467 0.015648
365.782 -0.498788 0.015782
364.706 -0.485208 0.015986
363.636 -0.471744 0.016262
362.573 -0.458418 0.016605
361.516 -0.445253 0.016998
360.465 -0.432259 0.017406
359.42 -0.419424 0.017797
358.382 -0.406720 0.018149
357.349 -0.394112 0.018461
356.322 -0.381576 0.018748
355.301 -0.369096 0.019033
354.286 -0.356670 0.019338
353.276 -0.344299 0.019686
352.273 -0.331997 0.020101
351.275 -0.319787 0.020598
350.282 -0.307698 0.021183
349.296 -0.295759 0.021850
348.315 -0.283999 0.022582
347.339 -0.272436 0.023350
346.369 -0.261078 0.024122
345.404 -0.249926 0.024863
344.444 -0.238968 0.025536
343.49 -0.228174 0.026107
342.541 -0.217501 0.026553
341.598 -0.206893 0.026876
340.659 -0.196304 0.027107
339.726 -0.185713 0.027295
338.798 -0.175132 0.027490
337.875 -0.164595 0.027714
336.957 -0.154133 0.027961
336.043 -0.143753 0.028213
335.135 -0.133444 0.028462
334.232 -0.123200 0.028721
333.333 -0.113032 0.029009
332.44 -0.102974 0.029329
331.551 -0.093056 0.029653
330.667 -0.083283 0.029932
329.787 -0.073624 0.030122
328.912 -0.064023 0.030210
328.042 -0.054431 0.030219
327.177 -0.044829 0.030195
326.316 -0.035228 0.030176
325.459 -0.025656 0.030180
324.607 -0.016132 0.030198
323.76 -0.006658 0.030216
322.917 0.002780 0.030232
322.078 0.012193 0.030264
321.244 0.021571 0.030333
320.413 0.030887 0.030455
319.588 0.040107 0.030618
318.766 0.049210 0.030790
317.949 0.058201 0.030929
317.136 0.067114 0.031004
316.327 0.075991 0.031015
315.522 0.084867 0.030988
314.721 0.093749 0.030959
313.924 0.102621 0.030957
313.131 0.111458 0.030990
312.343 0.120245 0.031048
311.558 0.128982 0.031123
310.777 0.137675 0.031214
310 0.146323 0.031335
309.227 0.154909 0.031495
308.458 0.163407 0.031688
307.692 0.171795 0.031889
306.931 0.180074 0.032056
306.173 0.188272 0.032155
305.419 0.196432 0.032175
304.668 0.204595 0.032131
303.922 0.212785 0.032055
303.178 0.221005 0.031980
302.439 0.229246 0.031934
301.703 0.237491 0.031931
300.971 0.245727 0.031980
300.242 0.253939 0.032084
299.517 0.262117 0.032245
298.795 0.270252 0.032464
298.077 0.278332 0.032747
297.362 0.286338 0.033095
296.651 0.294245 0.033499
295.943 0.302033 0.033936
295.238 0.309694 0.034371
294.537 0.317242 0.034768
293.839 0.324706 0.035108
293.144 0.332117 0.035385
292.453 0.339499 0.035612
291.765 0.346865 0.035804
291.08 0.354221 0.035975
290.398 0.361568 0.036136
289.72 0.368906 0.036299
289.044 0.376232 0.036476
288.372 0.383535 0.036677
287.703 0.390801 0.036905
287.037 0.398015 0.037154
286.374 0.405169 0.037413
285.714 0.412261 0.037667
285.057 0.419299 0.037903
284.404 0.426292 0.038118
283.753 0.433245 0.038308
283.105 0.440163 0.038469
282.46 0.447057 0.038593
281.818 0.453945 0.038680
281.179 0.460845 0.038741
280.543 0.467766 0.038794
279.91 0.474707 0.038859
279.279 0.481655 0.038951
278.652 0.488599 0.039073
278.027 0.495529 0.039223
277.405 0.502444 0.039400
276.786 0.509338 0.039603
276.169 0.516206 0.039829
275.556 0.523046 0.040072
274.945 0.529863 0.040323
274.336 0.536673 0.040581
273.731 0.543485 0.040861
273.128 0.550298 0.041182
272.527 0.557100 0.041560
271.93 0.563869 0.042004
271.335 0.570581 0.042509
270.742 0.577215 0.043058
270.153 0.583765 0.043626
269.565 0.590237 0.044192
268.98 0.596641 0.044744
268.398 0.602986 0.045273
267.819 0.609278 0.045767
267.241 0.615536 0.046212
266.667 0.621790 0.046602
266.094 0.628074 0.046955
265.525 0.634402 0.047304
264.957 0.640768 0.047683
264.392 0.647150 0.048109
263.83 0.653533 0.048580
263.27 0.659918 0.049092
262.712 0.666314 0.049660
262.156 0.672720 0.050315
261.603 0.679100 0.051091
261.053 0.685396 0.052000
260.504 0.691546 0.053016
259.958 0.697507 0.054079
259.414 0.703270 0.055114
258.873 0.708866 0.056045
258.333 0.714363 0.056827
257.796 0.719840 0.057457
257.261 0.725356 0.057976
256.729 0.730928 0.058441
256.198 0.736539 0.058887
255.67 0.742169 0.059324
255.144 0.747813 0.059744
254.62 0.753483 0.060150
254.098 0.759185 0.060557
253.579 0.764913 0.060982
253.061 0.770654 0.061432
252.546 0.776401 0.061904
252.033 0.782157 0.062395
251.521 0.787931 0.062910
251.012 0.793733 0.063476
250.505 0.799544 0.064130
250 0.805311 0.064896
249.497 0.810966 0.065754
248.996 0.816466 0.066641
248.497 0.821809 0.067476
248 0.827044 0.068192
247.505 0.832245 0.068760
247.012 0.837487 0.069189
246.521 0.842829 0.069529
246.032 0.848296 0.069849
245.545 0.853867 0.070224
245.059 0.859479 0.070693
244.576 0.865066 0.071245
244.094 0.870591 0.071825
243.615 0.876071 0.072375
243.137 0.881559 0.072866
242.661 0.887116 0.073318
242.188 0.892772 0.073788
241.715 0.898517 0.074340
241.245 0.904305 0.075018
240.777 0.910082 0.075833
240.31 0.915800 0.076778
239.845 0.921413 0.077832
239.382 0.926880 0.078959
238.921 0.932169 0.080099
238.462 0.937281 0.081169
238.004 0.942259 0.082087
237.548 0.947193 0.082801
237.094 0.952195 0.083308
236.641 0.957370 0.083667
236.19 0.962781 0.083993
235.741 0.968417 0.084428
235.294 0.974177 0.085084
234.848 0.979911 0.085990
234.405 0.985485 0.087069
233.962 0.990847 0.088187
233.522 0.996045 0.089213
233.083 1.001185 0.090086
232.645 1.006378 0.090826
232.21 1.011686 0.091507
231.776 1.017112 0.092211
231.343 1.022621 0.092991
230.912 1.028170 0.093874
230.483 1.033720 0.094872
230.056 1.039220 0.095993
229.63 1.044606 0.097220
229.205 1.049814 0.098494
228.782 1.054817 0.099713
228.361 1.059650 0.100759
227.941 1.064420 0.101541
227.523 1.069272 0.102041
227.106 1.074347 0.102322
226.691 1.079733 0.102512
226.277 1.085437 0.102765
225.865 1.091385 0.103212
225.455 1.097454 0.103916
225.045 1.103520 0.104866
224.638 1.109503 0.105995
224.231 1.115375 0.107221
223.827 1.121155 0.108482
223.423 1.126879 0.109749
223.022 1.132572 0.111019
222.621 1.138247 0.112293
222.222 1.143914 0.113566
221.825 1.149594 0.114843
221.429 1.155306 0.116152
221.034 1.161033 0.117539
220.641 1.166709 0.119033
220.249 1.172240 0.120601
219.858 1.177567 0.122130
219.469 1.182713 0.123471
219.081 1.187802 0.124503
218.695 1.193021 0.125192
218.31 1.198554 0.125616
217.926 1.204516 0.125947
217.544 1.210915 0.126390
217.163 1.217647 0.127120
216.783 1.224540 0.128226
216.405 1.231411 0.129689
216.028 1.238129 0.131397
215.652 1.244652 0.133198
215.278 1.251037 0.134958
214.905 1.257399 0.136618
214.533 1.263843 0.138206
214.162 1.270416 0.139799
213.793 1.277098 0.141468
213.425 1.283837 0.143233
213.058 1.290595 0.145072
212.693 1.297367 0.146956
212.329 1.304162 0.148866
211.966 1.310979 0.150791
211.604 1.317817 0.152704
211.244 1.324692 0.154558
210.884 1.331660 0.156309
210.526 1.338808 0.157944
210.169 1.346227 0.159496
209.814 1.353992 0.161041
209.459 1.362134 0.162679
209.106 1.370645 0.164513
208.754 1.379477 0.166628
208.403 1.388556 0.169083
208.054 1.397794 0.171897
207.705 1.407111 0.175046
207.358 1.416449 0.178468
207.012 1.425801 0.182076
206.667 1.435210 0.185793
206.323 1.444765 0.189572
205.98 1.454576 0.193417
205.638 1.464745 0.197385
205.298 1.475347 0.201569
204.959 1.486419 0.206086
204.62 1.497953 0.211048
204.283 1.509917 0.216536
203.947 1.522289 0.222597
203.612 1.535087 0.229272
203.279 1.548366 0.236632
202.946 1.562203 0.244805
202.614 1.576666 0.253998
202.284 1.591776 0.264509
201.954 1.607458 0.276722
201.626 1.623478 0.291081
201.299 1.639388 0.308021
200.972 1.654502 0.327855
200.647 1.667946 0.350651
200.323 1.678766 0.376121
200 1.686112 0.403578
199.678 1.689438 0.432007
199.357 1.688641 0.460250
199.037 1.684066 0.487239
198.718 1.676371 0.512180
198.4 1.666367 0.534612
198.083 1.654855 0.554409
197.767 1.642491 0.571695
197.452 1.629728 0.586705
197.138 1.616869 0.599659
196.825 1.604169 0.610742
196.513 1.591872 0.620164
196.203 1.580166 0.628204
195.893 1.569106 0.635163
195.584 1.558627 0.641252
195.276 1.548665 0.646537
194.969 1.539289 0.651026
194.662 1.530667 0.654855
194.357 1.522883 0.658326
194.053 1.515795 0.661779
193.75 1.509069 0.665391
193.448 1.502353 0.669065
193.146 1.495493 0.672498
192.846 1.488614 0.675395
192.547 1.482019 0.677658
192.248 1.475992 0.679443
191.95 1.470643 0.681049
191.654 1.465885 0.682785
191.358 1.461468 0.684864
191.063 1.457044 0.687328
190.769 1.452271 0.689991
190.476 1.446972 0.692446
190.184 1.441293 0.694204
189.893 1.435733 0.694957
189.602 1.430940 0.694830
189.313 1.427337 0.694403
189.024 1.424834 0.694427
188.737 1.422838 0.695392
188.45 1.420594 0.697240
188.164 1.417630 0.699423
187.879 1.414002 0.701259
187.595 1.410202 0.702349
187.311 1.406820 0.702756
187.029 1.404207 0.702906
186.747 1.402343 0.703318
186.466 1.400906 0.704347
186.186 1.399469 0.706084
185.907 1.397667 0.708395
185.629 1.395253 0.711027
185.351 1.392087 0.713647
185.075 1.388189 0.715854
184.799 1.383801 0.717265
184.524 1.379359 0.717687
184.25 1.375317 0.717187
183.976 1.372008 0.716018
183.704 1.369627 0.714509
183.432 1.368253 0.713045
183.161 1.367804 0.712067
182.891 1.367945 0.711989
182.622 1.368092 0.712988
182.353 1.367618 0.714842
182.085 1.366155 0.716956
181.818 1.363794 0.718634
181.552 1.361028 0.719406
181.287 1.358498 0.719195
181.022 1.356750 0.718270
180.758 1.356132 0.717121
180.495 1.356747 0.716397
180.233 1.358337 0.716832
179.971 1.360154 0.719009
179.71 1.361082 0.722971
179.45 1.360097 0.727987
179.191 1.356825 0.732767
178.932 1.351780 0.736062
178.674 1.346075 0.737222
178.417 1.340872 0.736364
178.161 1.336958 0.734135
177.905 1.334627 0.731354
177.65 1.333763 0.728761
177.396 1.333971 0.726890
177.143 1.334701 0.725984
176.89 1.335421 0.725963
176.638 1.335802 0.726501
176.387 1.335806 0.727227
176.136 1.335611 0.727920
175.887 1.335418 0.728599
175.637 1.335259 0.729414
175.389 1.334975 0.730428
175.141 1.334409 0.731483
174.894 1.333616 0.732304
174.648 1.332896 0.732735
174.402 1.332621 0.732906
174.157 1.333000 0.733222
173.913 1.333916 0.734190
173.669 1.334915 0.736183
173.427 1.335339 0.739243
173.184 1.334566 0.742995
172.943 1.332264 0.746733
172.702 1.328539 0.749652
172.462 1.323907 0.751104
172.222 1.319135 0.750784
171.983 1.315045 0.748782
171.745 1.312321 0.745562
171.508 1.311347 0.741851
171.271 1.312128 0.738451
171.034 1.314326 0.736058
170.799 1.317352 0.735157
170.564 1.320433 0.735954
170.33 1.322712 0.738243
170.096 1.323518 0.741312
169.863 1.322748 0.744110
169.631 1.321027 0.745735
169.399 1.319430 0.745929
169.168 1.318913 0.745225
168.937 1.319825 0.744629
168.707 1.321784 0.745106
168.478 1.323912 0.747154
168.25 1.325243 0.750641
168.022 1.325100 0.754929
167.794 1.323287 0.759183
167.568 1.320026 0.762667
167.341 1.315773 0.764874
167.116 1.311090 0.765507
166.891 1.306625 0.764470
166.667 1.303074 0.761945
166.443 1.301009 0.758455
166.22 1.300668 0.754761
165.997 1.301860 0.751615
165.775 1.304072 0.749511
165.554 1.306689 0.748568
165.333 1.309248 0.748585
165.113 1.311574 0.749238
164.894 1.313730 0.750321
164.675 1.315833 0.751847
164.456 1.317853 0.753984
164.238 1.319557 0.756879
164.021 1.320578 0.760515
163.804 1.320536 0.764663
163.588 1.319142 0.768880
163.373 1.316311 0.772534
163.158 1.312322 0.774898
162.943 1.307901 0.775420
162.73 1.304066 0.774035
162.516 1.301739 0.771295
162.304 1.301387 0.768184
162.092 1.302876 0.765768
161.88 1.305537 0.764879
161.669 1.308364 0.765889
161.458 1.310267 0.768582
161.248 1.310401 0.772135
161.039 1.308540 0.775315
160.83 1.305271 0.776955
160.622 1.301785 0.776491
160.414 1.299323 0.774195
160.207 1.298661 0.770950
160 1.299930 0.767795
159.794 1.302763 0.765553
159.588 1.306566 0.764692
159.383 1.310730 0.765384
159.178 1.314706 0.767605
158.974 1.318004 0.771196
158.771 1.320203 0.775872
158.568 1.320968 0.781236
158.365 1.320069 0.786773
158.163 1.317456 0.791838
157.962 1.313396 0.795741
157.761 1.308494 0.797975
157.56 1.303515 0.798420
157.36 1.299102 0.797331
157.161 1.295602 0.795134
156.962 1.293112 0.792186
156.764 1.291680 0.788675
156.566 1.291479 0.784731
156.368 1.292810 0.780644
156.171 1.295895 0.777001
155.975 1.300612 0.774588
155.779 1.306395 0.774113
155.583 1.312347 0.775955
155.388 1.317444 0.780033
155.194 1.320767 0.785766
155 1.321786 0.792143
154.806 1.320601 0.798013
154.613 1.317911 0.802526
154.421 1.314659 0.805431
154.229 1.311587 0.807007
154.037 1.309043 0.807732
153.846 1.307072 0.808016
153.656 1.305582 0.808131
153.465 1.304427 0.808234
153.276 1.303448 0.808375
153.086 1.302518 0.808508
152.898 1.301583 0.808533
152.709 1.300661 0.808345
152.522 1.299822 0.807847
152.334 1.299202 0.806961
152.147 1.299015 0.805673
151.961 1.299519 0.804103
151.775 1.300906 0.802542
151.589 1.303184 0.801378
151.404 1.306153 0.800952
151.22 1.309503 0.801440
151.035 1.312951 0.802871
150.852 1.316288 0.805223
150.668 1.319325 0.808501
150.485 1.321810 0.812718
150.303 1.323395 0.817796
150.121 1.323711 0.823479
149.94 1.322492 0.829324
149.758 1.319657 0.834794
149.578 1.315301 0.839334
149.398 1.309683 0.842385
149.218 1.303286 0.843399
149.038 1.296908 0.841967
148.86 1.291615 0.838057
148.681 1.288496 0.832208
148.503 1.288290 0.825499
148.325 1.291110 0.819272
148.148 1.296407 0.814725
147.971 1.303183 0.812598
147.795 1.310340 0.813058
147.619 1.316967 0.815826
147.444 1.322459 0.820396
147.268 1.326481 0.826226
147.094 1.328862 0.832814
146.919 1.329515 0.839680
146.746 1.328455 0.846307
146.572 1.325879 0.852180
146.399 1.322154 0.856908
146.226 1.317705 0.860280
146.054 1.312931 0.862203
145.882 1.308225 0.862631
145.711 1.304031 0.861588
145.54 1.300852 0.859245
145.369 1.299166 0.856009
145.199 1.299269 0.852534
145.029 1.301099 0.849605
144.86 1.304185 0.847882
144.691 1.307801 0.847660
144.522 1.311244 0.848813
144.354 1.314052 0.850918
144.186 1.316102 0.853464
144.019 1.317550 0.856060
143.852 1.318665 0.858561
143.685 1.319643 0.861012
143.519 1.320536 0.863514
143.353 1.321319 0.866120
143.187 1.321969 0.868826
143.022 1.322504 0.871639
142.857 1.322937 0.874629
142.693 1.323186 0.877934
142.529 1.322988 0.881640
142.365 1.321962 0.885606
142.202 1.319819 0.889377
142.039 1.316595 0.892309
141.876 1.312734 0.893807
141.714 1.309003 0.893586
141.553 1.306256 0.891836
141.391 1.305116 0.889205
141.23 1.305722 0.886548
141.069 1.307745 0.884558
140.909 1.310653 0.883543
140.749 1.314033 0.883481
140.59 1.317725 0.884267
140.43 1.321719 0.885958
140.271 1.325893 0.888817
140.113 1.329829 0.893120
139.955 1.332864 0.898874
139.797 1.334337 0.905689
139.64 1.333831 0.912860
139.483 1.331279 0.919538
139.326 1.326987 0.924887
139.169 1.321619 0.928242
139.013 1.316111 0.929286
138.858 1.311458 0.928171
138.702 1.308462 0.925475
138.547 1.307562 0.922027
138.393 1.308811 0.918697
138.239 1.311951 0.916252
138.085 1.316489 0.915279
137.931 1.321792 0.916133
137.778 1.327184 0.918918
137.625 1.332034 0.923538
137.472 1.335762 0.929749
137.32 1.337818 0.937137
137.168 1.337743 0.945026
137.017 1.335390 0.952465
136.865 1.331136 0.958450
136.714 1.325846 0.962296
136.564 1.320574 0.963862
136.414 1.316208 0.963493
136.264 1.313318 0.961781
136.114 1.312181 0.959371
135.965 1.312887 0.956876
135.816 1.315392 0.954909
135.667 1.319474 0.954104
135.519 1.324660 0.955056
135.371 1.330187 0.958169
135.224 1.335108 0.963473
135.076 1.338517 0.970530
134.929 1.339810 0.978496
134.783 1.338873 0.986345
134.636 1.336087 0.993165
134.49 1.332159 0.998387
134.345 1.327878 1.001834
134.199 1.323944 1.003639
134.054 1.320901 1.004146
133.909 1.319107 1.003824
133.765 1.318726 1.003203
133.621 1.319734 1.002802
133.477 1.321953 1.003084
133.333 1.325074 1.004424
133.19 1.328691 1.007082
133.047 1.332331 1.011182
132.905 1.335482 1.016707
132.762 1.337606 1.023455
132.62 1.338219 1.030983
132.479 1.337039 1.038616
132.337 1.334105 1.045557
132.196 1.329819 1.051044
132.055 1.324945 1.054512
131.915 1.320525 1.055796
131.775 1.317641 1.055304
131.635 1.317053 1.054007
131.495 1.318888 1.053167
131.356 1.322573 1.053907
131.217 1.327059 1.056817
131.078 1.331268 1.061818
130.94 1.334479 1.068365
130.802 1.336426 1.075825
130.664 1.337112 1.083741
130.526 1.336546 1.091830
130.389 1.334643 1.099777
130.252 1.331379 1.107070
130.115 1.327050 1.113070
129.979 1.322359 1.117317
129.843 1.318213 1.119803
129.707 1.315397 1.120997
129.572 1.314347 1.121668
129.436 1.315100 1.122648
129.301 1.317356 1.124670
129.167 1.320569 1.128278
129.032 1.324017 1.133771
128.898 1.326868 1.141133
128.764 1.328312 1.149951
128.631 1.327785 1.159395
128.497 1.325232 1.168369
128.364 1.321245 1.175856
128.232 1.316943 1.181325
128.099 1.313579 1.184992
127.967 1.312051 1.187753
127.835 1.312579 1.190828
127.703 1.314689 1.195289
127.572 1.317488 1.201738
127.441 1.320007 1.210247
127.31 1.321429 1.220493
127.179 1.321155 1.231889
127.049 1.318851 1.243634
126.919 1.314577 1.254788
126.789 1.308886 1.264513
126.66 1.302709 1.272351
126.531 1.297087 1.278375
126.402 1.292899 1.283150
126.273 1.290652 1.287598
126.144 1.290352 1.292783
126.016 1.291483 1.299636
125.888 1.293150 1.308686
125.761 1.294387 1.319925
125.633 1.294479 1.332910
125.506 1.293114 1.347049
125.379 1.290275 1.361871
125.253 1.286030 1.377070
125.126 1.280436 1.392404
125 1.273584 1.407610
124.874 1.265695 1.422422
124.748 1.257175 1.436687
124.623 1.248557 1.450556
124.498 1.240241 1.464607
124.373 1.232149 1.479699
124.248 1.223590 1.496572
124.124 1.213474 1.515439
124 1.200737 1.535874
123.876 1.184705 1.557012
123.752 1.165201 1.577896
123.629 1.142374 1.597774
123.506 1.116417 1.616126
123.383 1.087414 1.632456
123.26 1.055467 1.646084
123.138 1.020954 1.656161
123.016 0.984675 1.661899
122.894 0.947787 1.662854
122.772 0.911563 1.659103
122.651 0.877083 1.651230
122.53 0.844988 1.640112
122.409 0.815457 1.626596
122.288 0.788409 1.611274
122.167 0.763755 1.594504
122.047 0.741489 1.576570
121.927 0.721629 1.557777
121.807 0.704161 1.538440
121.688 0.689064 1.518863
121.569 0.676301 1.499410
121.45 0.665708 1.480516
121.331 0.656905 1.462545
121.212 0.649407 1.445593
121.094 0.642892 1.429521
120.976 0.637283 1.414223
120.858 0.632525 1.399793
120.74 0.628350 1.386378
120.623 0.624333 1.373898
120.505 0.620175 1.361966
120.388 0.615918 1.350079
120.272 0.611948 1.337905
120.155 0.608782 1.325481
120.039 0.606779 1.313188
119.923 0.605994 1.301551
119.807 0.606205 1.291045
119.691 0.606985 1.282022
119.576 0.607728 1.274633
119.461 0.607755 1.268689
119.346 0.606565 1.263633
119.231 0.604050 1.258748
119.116 0.600454 1.253450
119.002 0.596162 1.247385
118.888 0.591584 1.240361
118.774 0.587169 1.232310
118.66 0.583394 1.223344
118.547 0.580647 1.213790
118.434 0.579116 1.204097
118.321 0.578804 1.194717
118.208 0.579589 1.186073
118.095 0.581194 1.178602
117.983 0.583064 1.172664
117.871 0.584379 1.168256
117.759 0.584389 1.164807
117.647 0.582870 1.161339
117.536 0.580274 1.156972
117.424 0.577448 1.151351
117.313 0.575158 1.144691
117.202 0.573807 1.137501
117.092 0.573455 1.130276
116.981 0.574005 1.123357
116.871 0.575357 1.117004
116.761 0.577385 1.111525
116.651 0.579776 1.107272
116.541 0.581946 1.104447
116.432 0.583188 1.102867
116.323 0.582978 1.101925
116.214 0.581233 1.100802
116.105 0.578341 1.098798
115.996 0.574963 1.095579
115.888 0.571751 1.091223
115.78 0.569135 1.086074
115.672 0.567285 1.080556
115.564 0.566165 1.075049
115.456 0.565587 1.069841
115.349 0.565257 1.065069
115.242 0.564859 1.060653
115.135 0.564225 1.056303
115.028 0.563476 1.051681
114.921 0.562988 1.046648
114.815 0.563156 1.041407
114.709 0.564131 1.036410
114.603 0.565730 1.032115
114.497 0.567524 1.028772
114.391 0.569036 1.026327
114.286 0.569931 1.024478
114.18 0.570129 1.022838
114.075 0.569749 1.021108
113.971 0.568993 1.019138
113.866 0.568047 1.016909
113.761 0.567030 1.014472
113.657 0.565981 1.011892
113.553 0.564894 1.009185
113.449 0.563790 1.006314
113.346 0.562761 1.003252
113.242 0.561937 1.000058
113.139 0.561389 0.996902
113.036 0.561043 0.993996
112.933 0.560662 0.991461
112.83 0.559953 0.989208
112.727 0.558747 0.986947
112.625 0.557110 0.984330
112.523 0.555305 0.981125
112.421 0.553662 0.977275
112.319 0.552501 0.972864
112.217 0.552119 0.968119
112.116 0.552712 0.963449
112.014 0.554212 0.959401
111.913 0.556186 0.956419
111.812 0.557990 0.954587
111.712 0.559084 0.953583
111.611 0.559251 0.952877
111.511 0.558597 0.951971
111.411 0.557443 0.950540
111.311 0.556206 0.948487
111.211 0.555289 0.945969
111.111 0.554921 0.943386
111.012 0.554987 0.941226
110.912 0.555019 0.939784
110.813 0.554421 0.938923
110.714 0.552836 0.938089
110.616 0.550376 0.936592
110.517 0.547594 0.933976
110.419 0.545199 0.930232
110.32 0.543729 0.925770
110.222 0.543363 0.921169
110.124 0.543970 0.916930
110.027 0.545277 0.913389
109.929 0.546944 0.910761
109.832 0.548549 0.909146
109.735 0.549602 0.908424
109.637 0.549719 0.908191
109.541 0.548820 0.907879
109.444 0.547162 0.906997
109.347 0.545190 0.905302
109.251 0.543369 0.902814
109.155 0.542080 0.899769
109.059 0.541534 0.896574
108.963 0.541670 0.893717
108.867 0.542109 0.891563
108.772 0.542303 0.890132
108.677 0.541842 0.889058
108.581 0.540688 0.887813
108.486 0.539152 0.886029
108.392 0.537649 0.883653
108.297 0.536460 0.880873
108.202 0.535666 0.877924
108.108 0.535239 0.874966
108.014 0.535154 0.872095
107.92 0.535402 0.869436
107.826 0.535886 0.867168
107.732 0.536356 0.865399
107.639 0.536510 0.864012
107.546 0.536227 0.862687
107.452 0.535672 0.861128
107.359 0.535165 0.859286
107.266 0.534934 0.857368
107.174 0.534974 0.855674
107.081 0.535074 0.854421
106.989 0.534911 0.853656
106.897 0.534161 0.853203
106.804 0.532637 0.852676
106.713 0.530445 0.851594
106.621 0.528014 0.849616
106.529 0.525927 0.846757
106.438 0.524631 0.843425
106.346 0.524195 0.840222
106.255 0.524281 0.837640
106.164 0.524312 0.835838
106.074 0.523729 0.834562
105.983 0.522243 0.833226
105.892 0.520008 0.831137
105.802 0.517626 0.827800
105.712 0.515948 0.823176
105.622 0.515745 0.817776
105.532 0.517373 0.812511
105.442 0.520607 0.808369
105.353 0.524721 0.806051
105.263 0.528765 0.805778
105.174 0.531845 0.807308
105.085 0.533287 0.810056
104.996 0.532727 0.813211
104.907 0.530200 0.815868
104.818 0.526172 0.817241
104.73 0.521419 0.816889
104.641 0.516784 0.814825
104.553 0.512916 0.811453
104.465 0.510118 0.807372
104.377 0.508339 0.803134
104.289 0.507320 0.799088
104.202 0.506759 0.795353
104.114 0.506433 0.791891
104.027 0.506230 0.788588
103.94 0.506154 0.785334
103.853 0.506291 0.782080
103.766 0.506740 0.778888
103.679 0.507525 0.775894
103.592 0.508562 0.773221
103.506 0.509723 0.770896
103.42 0.510935 0.768860
103.333 0.512239 0.767066
103.247 0.513731 0.765588
103.161 0.515419 0.764654
103.076 0.517106 0.764534
102.99 0.518370 0.765376
102.905 0.518679 0.767056
102.819 0.517576 0.769123
102.734 0.514886 0.770880
102.649 0.510836 0.771590
102.564 0.506009 0.770720
102.479 0.501161 0.768104
102.395 0.496994 0.763931
102.31 0.494020 0.758638
102.226 0.492523 0.752784
102.142 0.492561 0.746973
102.058 0.493959 0.741789
101.974 0.496298 0.737700
101.89 0.498981 0.734926
101.806 0.501398 0.733353
101.723 0.503120 0.732592
101.639 0.504009 0.732135
101.556 0.504208 0.731532
101.473 0.504062 0.730517
101.39 0.503990 0.729082
101.307 0.504331 0.727501
101.224 0.505161 0.726248
101.142 0.506174 0.725776
101.059 0.506771 0.726231
100.977 0.506352 0.727299
100.895 0.504655 0.728332
100.813 0.501872 0.728686
100.731 0.498483 0.728002
100.649 0.494965 0.726260
100.568 0.491622 0.723602
100.486 0.488607 0.720156
100.405 0.486051 0.715976
100.324 0.484162 0.711096
100.243 0.483235 0.705648
100.162 0.483562 0.699956
100.081 0.485268 0.694529
100 0.488209 0.689913
99.9194 0.492015 0.686530
99.839 0.496198 0.684612
99.7586 0.500247 0.684209
99.6785 0.503654 0.685211
99.5984 0.505965 0.687335
99.5185 0.506851 0.690140
99.4387 0.506170 0.693099
99.359 0.503974 0.695685
99.2794 0.500483 0.697429
99.2 0.496052 0.697969
99.1207 0.491131 0.697091
99.0415 0.486193 0.694747
98.9625 0.481674 0.691041
98.8836 0.477940 0.686179
98.8048 0.475280 0.680450
98.7261 0.473896 0.674217
98.6476 0.473864 0.667894
98.5692 0.475115 0.661897
98.4909 0.477447 0.656580
98.4127 0.480553 0.652196
98.3347 0.484069 0.648846
98.2567 0.487674 0.646463
98.1789 0.491185 0.644880
98.1013 0.494579 0.643967
98.0237 0.497891 0.643740
97.9463 0.501059 0.644343
97.869 0.503859 0.645923
97.7918 0.505932 0.648533
97.7147 0.506828 0.652065
97.6378 0.506070 0.656176
97.561 0.503304 0.660223
97.4843 0.498522 0.663346
97.4077 0.492179 0.664724
97.3312 0.485086 0.663849
97.2549 0.478162 0.660649
97.1787 0.472207 0.655433
97.1026 0.467775 0.648752
97.0266 0.465143 0.641250
96.9507 0.464343 0.633552
96.875 0.465215 0.626194
96.7994 0.467474 0.619578
96.7239 0.470782 0.613960
96.6485 0.474814 0.609477
96.5732 0.479282 0.606197
96.4981 0.483917 0.604172
96.423 0.488416 0.603435
96.3481 0.492425 0.603947
96.2733 0.495571 0.605540
96.1986 0.497539 0.607900
96.124 0.498143 0.610599
96.0496 0.497373 0.613154
95.9752 0.495427 0.615122
95.901 0.492664 0.616210
95.8269 0.489492 0.616349
95.7529 0.486213 0.615663
95.679 0.482932 0.614337
95.6052 0.479607 0.612448
95.5316 0.476196 0.609898
95.458 0.472814 0.606483
95.3846 0.469779 0.602060
95.3113 0.467524 0.596696
95.2381 0.466428 0.590705
95.165 0.466667 0.584560
95.092 0.468182 0.578745
95.0192 0.470736 0.573637
94.9464 0.474008 0.569458
94.8738 0.477689 0.566300
94.8012 0.481505 0.564188
94.7288 0.485198 0.563122
94.6565 0.488475 0.563061
94.5843 0.491014 0.563860
94.5122 0.492532 0.565222
94.4402 0.492895 0.566717
94.3683 0.492190 0.567896
94.2966 0.490691 0.568427
94.2249 0.488749 0.568155
94.1534 0.486701 0.567088
94.0819 0.484814 0.565356
94.0106 0.483242 0.563174
93.9394 0.481992 0.560773
93.8683 0.480940 0.558299
93.7973 0.479910 0.555744
93.7264 0.478808 0.552937
93.6556 0.477725 0.549639
93.5849 0.476969 0.545701
93.5143 0.476952 0.541215
93.4439 0.478007 0.536551
93.3735 0.480213 0.532251
93.3032 0.483345 0.528847
93.2331 0.486939 0.526708
93.163 0.490397 0.525959
93.0931 0.493091 0.526449
93.0233 0.494483 0.527722
92.9535 0.494307 0.529052
92.8839 0.492728 0.529641
92.8144 0.490326 0.528899
92.745 0.487875 0.526649
92.6756 0.486076 0.523123
92.6064 0.485381 0.518817
92.5373 0.485950 0.514321
92.4683 0.487666 0.510187
92.3994 0.490203 0.506826
92.3306 0.493119 0.504422
92.2619 0.496003 0.502935
92.1933 0.498575 0.502189
92.1248 0.500685 0.501989
92.0564 0.502237 0.502171
91.9881 0.503136 0.502555
91.9199 0.503338 0.502891
91.8519 0.502940 0.502899
91.7839 0.502189 0.502403
91.716 0.501361 0.501414
91.6482 0.500614 0.500093
91.5805 0.499927 0.498607
91.5129 0.499177 0.496987
91.4454 0.498285 0.495116
91.378 0.497318 0.492826
91.3108 0.496466 0.490034
91.2436 0.495932 0.486783
91.1765 0.495853 0.483205
91.1095 0.496287 0.479441
91.0426 0.497249 0.475607
90.9758 0.498751 0.471794
90.9091 0.500821 0.468095
90.8425 0.503498 0.464639
90.776 0.506795 0.461618
90.7096 0.510641 0.459282
90.6433 0.514824 0.457876
90.5771 0.519008 0.457546
90.5109 0.522805 0.458279
90.4449 0.525866 0.459908
90.379 0.527923 0.462164
90.3132 0.528805 0.464708
90.2475 0.528446 0.467150
90.1818 0.526913 0.469079
90.1163 0.524426 0.470111
90.0508 0.521338 0.469962
89.9855 0.518088 0.468496
89.9202 0.515128 0.465747
89.8551 0.512864 0.461904
89.79 0.511599 0.457289
89.725 0.511488 0.452303
89.6602 0.512508 0.447350
89.5954 0.514500 0.442755
89.5307 0.517224 0.438724
89.4661 0.520427 0.435343
89.4016 0.523889 0.432590
89.3372 0.527467 0.430369
89.2729 0.531133 0.428566
89.2086 0.534957 0.427135
89.1445 0.539037 0.426160
89.0805 0.543392 0.425854
89.0165 0.547874 0.426482
88.9527 0.552158 0.428243
88.8889 0.555798 0.431170
88.8252 0.558327 0.435095
88.7616 0.559338 0.439649
88.6981 0.558563 0.444282
88.6347 0.555973 0.448318
88.5714 0.551841 0.451076
88.5082 0.546726 0.452034
88.4451 0.541368 0.450947
88.382 0.536533 0.447906
88.3191 0.532857 0.443292
88.2562 0.530750 0.437678
88.1935 0.530351 0.431705
88.1308 0.531550 0.425963
88.0682 0.534061 0.420900
88.0057 0.537515 0.416793
87.9433 0.541547 0.413771
87.8809 0.545829 0.411875
87.8187 0.550047 0.411099
87.7565 0.553861 0.411371
87.6945 0.556924 0.412480
87.6325 0.558992 0.414039
87.5706 0.560060 0.415566
87.5088 0.560392 0.416683
87.4471 0.560374 0.417268
87.3855 0.560302 0.417444
87.3239 0.560286 0.417425
87.2625 0.560278 0.417386
87.2011 0.560149 0.417420
87.1398 0.559726 0.417521
87.0787 0.558831 0.417563
87.0175 0.557369 0.417287
86.9565 0.555411 0.416367
86.8956 0.553222 0.414538
86.8347 0.551176 0.411703
86.774 0.549631 0.407945
86.7133 0.548859 0.403458
86.6527 0.549037 0.398476
86.5922 0.550289 0.393237
86.5318 0.552721 0.388009
86.4714 0.556395 0.383135
86.4111 0.561256 0.379041
86.351 0.567052 0.376168
86.2909 0.573317 0.374857
86.2309 0.579436 0.375219
86.171 0.584783 0.377071
86.1111 0.588884 0.379960
86.0514 0.591538 0.383293
85.9917 0.592837 0.386499
85.9321 0.593083 0.389178
85.8726 0.592646 0.391151
85.8131 0.591838 0.392420
85.7538 0.590845 0.393077
85.6945 0.589743 0.393196
85.6354 0.588560 0.392786
85.5763 0.587346 0.391785
85.5172 0.586228 0.390103
85.4583 0.585427 0.387679
85.3994 0.585240 0.384561
85.3407 0.585968 0.380958
85.282 0.587809 0.377230
85.2234 0.590775 0.373820
85.1648 0.594681 0.371134
85.1064 0.599194 0.369460
85.048 0.603907 0.368925
84.9897 0.608408 0.369497
84.9315 0.612322 0.370993
84.8734 0.615372 0.373089
84.8153 0.617445 0.375356
84.7573 0.618652 0.377355
84.6995 0.619314 0.378764
84.6416 0.619871 0.379493
84.5839 0.620714 0.379714
84.5262 0.622051 0.379774
84.4687 0.623849 0.380051
84.4112 0.625877 0.380830
84.3537 0.627779 0.382221
84.2964 0.629180 0.384112
84.2391 0.629813 0.386174
84.1819 0.629653 0.387952
84.1248 0.628958 0.389043
84.0678 0.628178 0.389278
84.0108 0.627762 0.388777
83.954 0.627985 0.387871
83.8972 0.628880 0.386935
83.8404 0.630305 0.386249
83.7838 0.632046 0.385946
83.7272 0.633919 0.386042
83.6707 0.635788 0.386505
83.6143 0.637546 0.387284
83.558 0.639096 0.388287
83.5017 0.640398 0.389368
83.4455 0.641522 0.390368
83.3894 0.642646 0.391212
83.3333 0.643968 0.391979
83.2774 0.645597 0.392874
83.2215 0.647493 0.394151
83.1657 0.649472 0.396015
83.1099 0.651252 0.398568
83.0543 0.652500 0.401770
82.9987 0.652893 0.405416
82.9431 0.652208 0.409124
82.8877 0.650434 0.412388
82.8323 0.647846 0.414713
82.777 0.644983 0.415800
82.7218 0.642487 0.415702
82.6667 0.640860 0.414821
82.6116 0.640278 0.413743
82.5566 0.640573 0.412998
82.5017 0.641370 0.412888
82.4468 0.642279 0.413460
82.392 0.643008 0.414599
82.3373 0.643390 0.416125
82.2827 0.643352 0.417852
82.2281 0.642894 0.419608
82.1736 0.642079 0.421254
82.1192 0.641011 0.422706
82.0649 0.639802 0.423950
82.0106 0.638529 0.425026
81.9564 0.637213 0.425994
81.9022 0.635836 0.426892
81.8482 0.634362 0.427728
81.7942 0.632757 0.428484
81.7403 0.630989 0.429119
81.6864 0.629045 0.429556
81.6327 0.626968 0.429697
81.5789 0.624870 0.429472
81.5253 0.622896 0.428893
81.4717 0.621149 0.428048
81.4183 0.619660 0.427049
81.3648 0.618412 0.425968
81.3115 0.617398 0.424842
81.2582 0.616638 0.423729
81.205 0.616126 0.422733
81.1518 0.615774 0.421972
81.0988 0.615409 0.421496
81.0458 0.614844 0.421232
80.9928 0.613962 0.420992
80.9399 0.612785 0.420538
80.8871 0.611484 0.419679
80.8344 0.610322 0.418359
80.7818 0.609561 0.416683
80.7292 0.609370 0.414895
80.6766 0.609762 0.413305
80.6242 0.610578 0.412194
80.5718 0.611518 0.411723
80.5195 0.612240 0.411863
80.4672 0.612472 0.412400
80.415 0.612118 0.413019
80.3629 0.611270 0.413436
80.3109 0.610132 0.413503
80.2589 0.608891 0.413221
80.207 0.607637 0.412661
80.1551 0.606372 0.411862
80.1034 0.605089 0.410787
80.0516 0.603838 0.409347
80 0.602762 0.407472
79.9484 0.602066 0.405177
79.8969 0.601951 0.402598
79.8455 0.602532 0.399970
79.7941 0.603802 0.397555
79.7428 0.605650 0.395578
79.6915 0.607905 0.394196
79.6403 0.610363 0.393507
79.5892 0.612798 0.393545
79.5382 0.614963 0.394269
79.4872 0.616628 0.395539
79.4363 0.617621 0.397111
79.3854 0.617898 0.398667
79.3346 0.617580 0.399893
79.2839 0.616939 0.400582
79.2332 0.616301 0.400707
79.1826 0.615924 0.400410
79.1321 0.615923 0.399905
79.0816 0.616288 0.399376
79.0312 0.616965 0.398918
78.9809 0.617929 0.398567
78.9306 0.619219 0.398371
78.8804 0.620883 0.398460
78.8303 0.622892 0.399036
78.7802 0.625098 0.400295
78.7302 0.627256 0.402356
78.6802 0.629085 0.405228
78.6303 0.630313 0.408810
78.5805 0.630719 0.412904
78.5307 0.630174 0.417238
78.481 0.628667 0.421518
78.4314 0.626297 0.425490
78.3818 0.623224 0.428983
78.3323 0.619618 0.431899
78.2828 0.615637 0.434189
78.2334 0.611430 0.435836
78.1841 0.607140 0.436858
78.1348 0.602885 0.437301
78.0856 0.598759 0.437229
78.0365 0.594835 0.436711
77.9874 0.591179 0.435822
77.9384 0.587838 0.434661
77.8894 0.584824 0.433334
77.8406 0.582109 0.431940
77.7917 0.579647 0.430540
77.7429 0.577405 0.429173
77.6942 0.575372 0.427894
77.6456 0.573508 0.426804
77.597 0.571690 0.426010
77.5485 0.569714 0.425548
77.5 0.567348 0.425332
77.4516 0.564414 0.425154
77.4032 0.560842 0.424716
77.355 0.556715 0.423689
77.3067 0.552293 0.421798
77.2586 0.547957 0.418935
77.2105 0.544086 0.415209
77.1624 0.540923 0.410879
77.1144 0.538540 0.406232
77.0665 0.536901 0.401483
77.0186 0.535953 0.396780
76.9708 0.535648 0.392250
76.9231 0.535914 0.388026
76.8754 0.536642 0.384211
76.8278 0.537719 0.380872
76.7802 0.539033 0.378069
76.7327 0.540451 0.375863
76.6852 0.541780 0.374285
76.6378 0.542795 0.373286
76.5905 0.543286 0.372716
76.5432 0.543105 0.372337
76.496 0.542202 0.371852
76.4488 0.540651 0.370941
76.4017 0.538670 0.369311
76.3547 0.536621 0.366777
76.3077 0.534945 0.363349
76.2608 0.534034 0.359265
76.2139 0.534107 0.354922
76.1671 0.535169 0.350745
76.1203 0.537053 0.347086
76.0736 0.539496 0.344184
76.027 0.542192 0.342158
75.9804 0.544830 0.341021
75.9339 0.547110 0.340697
75.8874 0.548761 0.341010
75.841 0.549571 0.341678
75.7946 0.549453 0.342324
75.7483 0.548496 0.342545
75.7021 0.546983 0.342010
75.6559 0.545322 0.340560
75.6098 0.543941 0.338254
75.5637 0.543169 0.335329
75.5177 0.543183 0.332126
75.4717 0.543991 0.329002
75.4258 0.545452 0.326266
75.3799 0.547315 0.324114
75.3341 0.549300 0.322597
75.2884 0.551174 0.321649
75.2427 0.552777 0.321154
75.1971 0.554001 0.320978
75.1515 0.554765 0.320965
75.106 0.555036 0.320915
75.0605 0.554889 0.320599
75.0151 0.554535 0.319846
74.9698 0.554257 0.318649
74.9245 0.554270 0.317179
74.8792 0.554625 0.315676
74.834 0.555219 0.314328
74.7889 0.555894 0.313199
74.7438 0.556516 0.312255
74.6988 0.557019 0.311412
74.6538 0.557392 0.310596
74.6089 0.557641 0.309751
74.564 0.557779 0.308826
74.5192 0.557836 0.307752
74.4745 0.557900 0.306466
74.4298 0.558107 0.304966
74.3851 0.558589 0.303348
74.3405 0.559397 0.301786
74.296 0.560464 0.300457
74.2515 0.561633 0.299466
74.2071 0.562724 0.298815
74.1627 0.563587 0.298425
74.1184 0.564123 0.298160
74.0741 0.564296 0.297848
74.0299 0.564158 0.297301
73.9857 0.563870 0.296364
73.9416 0.563667 0.294996
73.8975 0.563779 0.293305
73.8535 0.564321 0.291508
73.8095 0.565268 0.289834
73.7656 0.566486 0.288441
73.7218 0.567806 0.287389
73.678 0.569071 0.286653
73.6342 0.570162 0.286149
73.5905 0.571017 0.285757
73.5469 0.571638 0.285345
73.5033 0.572087 0.284805
73.4597 0.572473 0.284074
73.4162 0.572919 0.283160
73.3728 0.573517 0.282135
73.3294 0.574297 0.281107
73.2861 0.575221 0.280164
73.2428 0.576222 0.279340
73.1995 0.577252 0.278632
73.1563 0.578287 0.278032
73.1132 0.579302 0.277539
73.0701 0.580255 0.277145
73.0271 0.581110 0.276803
72.9841 0.581870 0.276450
72.9412 0.582585 0.276038
72.8983 0.583317 0.275570
72.8555 0.584105 0.275086
72.8127 0.584945 0.274631
72.77 0.585813 0.274225
72.7273 0.586691 0.273862
72.6846 0.587586 0.273531
72.6421 0.588516 0.273252
72.5995 0.589470 0.273070
72.5571 0.590388 0.273014
72.5146 0.591186 0.273053
72.4722 0.591822 0.273089
72.4299 0.592333 0.273005
72.3876 0.592835 0.272729
72.3454 0.593474 0.272271
72.3032 0.594372 0.271726
72.2611 0.595590 0.271241
72.219 0.597114 0.270984
72.1769 0.598854 0.271112
72.135 0.600644 0.271737
72.093 0.602268 0.272882
72.0511 0.603508 0.274457
72.0093 0.604229 0.276269
71.9675 0.604412 0.278099
71.9258 0.604137 0.279773
71.8841 0.603527 0.281196
71.8424 0.602691 0.282331
71.8008 0.601721 0.283169
71.7593 0.600700 0.283714
71.7178 0.599710 0.283984
71.6763 0.598827 0.284028
71.6349 0.598104 0.283919
71.5935 0.597560 0.283740
71.5522 0.597178 0.283570
71.511 0.596920 0.283469
71.4697 0.596729 0.283473
71.4286 0.596548 0.283596
71.3874 0.596315 0.283825
71.3464 0.595985 0.284115
71.3053 0.595548 0.284403
71.2644 0.595048 0.284634
71.2234 0.594562 0.284806
71.1825 0.594147 0.284991
71.1417 0.593784 0.285296
71.1009 0.593370 0.285797
71.0602 0.592762 0.286479
71.0195 0.591850 0.287235
70.9788 0.590608 0.287912
70.9382 0.589102 0.288368
70.8977 0.587462 0.288525
70.8571 0.585836 0.288387
70.8167 0.584343 0.288041
70.7763 0.583032 0.287629
70.7359 0.581853 0.287299
70.6956 0.580667 0.287143
70.6553 0.579297 0.287148
70.615 0.577596 0.287186
70.5748 0.575521 0.287060
70.5347 0.573150 0.286580
70.4946 0.570641 0.285635
70.4545 0.568165 0.284207
70.4145 0.565866 0.282340
70.3746 0.563851 0.280108
70.3347 0.562205 0.277607
70.2948 0.560980 0.274965
70.255 0.560174 0.272323
70.2152 0.559722 0.269806
70.1754 0.559517 0.267486
70.1357 0.559449 0.265374
70.0961 0.559439 0.263438
70.0565 0.559442 0.261633
70.0169 0.559435 0.259913
69.9774 0.559419 0.258238
69.938 0.559411 0.256574
69.8985 0.559444 0.254914
69.8592 0.559546 0.253277
69.8198 0.559714 0.251707
69.7805 0.559906 0.250230
69.7413 0.560065 0.248832
69.7021 0.560160 0.247456
69.6629 0.560209 0.246038
69.6238 0.560266 0.244541
69.5847 0.560395 0.242969
69.5457 0.560647 0.241362
69.5067 0.561045 0.239775
69.4678 0.561586 0.238269
69.4289 0.562245 0.236907
69.39 0.562965 0.235744
69.3512 0.563652 0.234812
69.3125 0.564188 0.234085
69.2737 0.564478 0.233465
69.2351 0.564492 0.232804
69.1964 0.564290 0.231957
69.1578 0.564004 0.230831
69.1193 0.563798 0.229420
69.0808 0.563813 0.227805
69.0423 0.564116 0.226131
69.0039 0.564688 0.224546
68.9655 0.565436 0.223151
68.9272 0.566244 0.221974
68.8889 0.567023 0.220980
68.8506 0.567727 0.220111
68.8124 0.568355 0.219314
68.7743 0.568922 0.218566
68.7361 0.569437 0.217868
68.6981 0.569884 0.217222
68.66 0.570235 0.216617
68.622 0.570466 0.216014
68.5841 0.570573 0.215354
68.5462 0.570591 0.214579
68.5083 0.570585 0.213647
68.4705 0.570642 0.212562
68.4327 0.570838 0.211375
68.3949 0.571203 0.210175
68.3572 0.571712 0.209044
68.3196 0.572311 0.208027
68.2819 0.572947 0.207141
68.2444 0.573568 0.206388
68.2068 0.574120 0.205752
68.1693 0.574552 0.205187
68.1319 0.574848 0.204615
68.0945 0.575050 0.203965
68.0571 0.575225 0.203213
68.0197 0.575433 0.202376
67.9825 0.575707 0.201489
67.9452 0.576064 0.200594
67.908 0.576504 0.199735
67.8708 0.576999 0.198960
67.8337 0.577496 0.198287
67.7966 0.577942 0.197698
67.7596 0.578317 0.197151
67.7226 0.578627 0.196614
67.6856 0.578885 0.196073
67.6487 0.579097 0.195521
67.6118 0.579270 0.194947
67.5749 0.579411 0.194344
67.5381 0.579534 0.193701
67.5014 0.579662 0.193013
67.4646 0.579828 0.192289
67.4279 0.580060 0.191574
67.3913 0.580346 0.190932
67.3547 0.580617 0.190412
67.3181 0.580783 0.189999
67.2816 0.580779 0.189616
67.2451 0.580609 0.189165
67.2087 0.580331 0.188577
67.1723 0.580023 0.187833
67.1359 0.579748 0.186960
67.0996 0.579534 0.186002
67.0633 0.579375 0.185002
67.027 0.579246 0.183977
66.9908 0.579125 0.182915
66.9546 0.579013 0.181790
66.9185 0.578939 0.180581
66.8824 0.578945 0.179291
66.8464 0.579068 0.177957
66.8103 0.579315 0.176630
66.7744 0.579662 0.175356
66.7384 0.580069 0.174155
66.7025 0.580498 0.173022
66.6667 0.580930 0.171938
66.6308 0.581363 0.170886
66.5951 0.581801 0.169863
66.5593 0.582237 0.168871
66.5236 0.582658 0.167906
66.4879 0.583054 0.166950
66.4523 0.583435 0.165980
66.4167 0.583828 0.164986
66.3812 0.584255 0.163990
66.3456 0.584713 0.163023
66.3102 0.585171 0.162104
66.2747 0.585588 0.161220
66.2393 0.585944 0.160326
66.204 0.586258 0.159367
66.1686 0.586587 0.158315
66.1333 0.586999 0.157188
66.0981 0.587537 0.156048
66.0629 0.588192 0.154971
66.0277 0.588909 0.154010
65.9925 0.589618 0.153171
65.9574 0.590268 0.152417
65.9224 0.590847 0.151706
65.8874 0.591358 0.151008
65.8524 0.591804 0.150307
65.8174 0.592183 0.149582
65.7825 0.592501 0.148795
65.7476 0.592796 0.147913
65.7128 0.593124 0.146928
65.678 0.593539 0.145873
65.6432 0.594059 0.144804
65.6085 0.594666 0.143772
65.5738 0.595320 0.142797
65.5391 0.595989 0.141870
65.5045 0.596665 0.140971
65.4699 0.597355 0.140089
65.4354 0.598069 0.139231
65.4008 0.598808 0.138406
65.3664 0.599565 0.137626
65.3319 0.600329 0.136896
65.2975 0.601090 0.136221
65.2632 0.601830 0.135605
65.2288 0.602525 0.135044
65.1945 0.603151 0.134517
65.1603 0.603691 0.133986
65.1261 0.604158 0.133401
65.0919 0.604594 0.132724
65.0577 0.605066 0.131946
65.0236 0.605638 0.131105
64.9895 0.606339 0.130275
64.9555 0.607144 0.129531
64.9215 0.607993 0.128918
64.8875 0.608813 0.128435
64.8536 0.609554 0.128043
64.8197 0.610200 0.127690
64.7858 0.610769 0.127334
64.752 0.611288 0.126959
64.7182 0.611785 0.126569
64.6844 0.612269 0.126183
64.6507 0.612734 0.125819
64.617 0.613164 0.125488
64.5833 0.613534 0.125187
64.5497 0.613822 0.124901
64.5161 0.614016 0.124604
64.4826 0.614118 0.124265
64.4491 0.614140 0.123863
64.4156 0.614099 0.123382
64.3821 0.614011 0.122817
64.3487 0.613883 0.122165
64.3154 0.613717 0.121416
64.282 0.613518 0.120550
64.2487 0.613307 0.119535
64.2154 0.613130 0.118350
64.1822 0.613042 0.116998
64.149 0.613097 0.115508
64.1158 0.613330 0.113927
64.0827 0.613756 0.112310
64.0496 0.614371 0.110714
64.0165 0.615153 0.109193
63.9835 0.616052 0.107787
63.9505 0.617007 0.106508
63.9175 0.617961 0.105334
63.8846 0.618880 0.104214
63.8517 0.619766 0.103093
63.8188 0.620654 0.101927
63.786 0.621599 0.100699
63.7532 0.622664 0.099427
63.7205 0.623895 0.098171
63.6877 0.625297 0.097016
63.655 0.626821 0.096041
63.6224 0.628376 0.095286
63.5897 0.629865 0.094733
63.5572 0.631218 0.094316
63.5246 0.632408 0.093945
63.4921 0.633460 0.093535
63.4596 0.634435 0.093024
63.4271 0.635413 0.092392
63.3947 0.636475 0.091662
63.3623 0.637675 0.090895
63.3299 0.639026 0.090164
63.2976 0.640504 0.089537
63.2653 0.642061 0.089053
63.233 0.643646 0.088723
63.2008 0.645217 0.088535
63.1686 0.646752 0.088463
63.1365 0.648250 0.088489
63.1043 0.649718 0.088611
63.0722 0.651159 0.088842
63.0402 0.652556 0.089204
63.0081 0.653875 0.089716
62.9761 0.655062 0.090376
62.9442 0.656062 0.091156
62.9122 0.656831 0.091998
62.8803 0.657359 0.092824
62.8485 0.657672 0.093563
62.8166 0.657823 0.094168
62.7848 0.657868 0.094621
62.753 0.657859 0.094928
62.7213 0.657829 0.095113
62.6896 0.657786 0.095202
62.6579 0.657723 0.095201
62.6263 0.657640 0.095096
62.5946 0.657563 0.094869
62.5631 0.657534 0.094520
62.5315 0.657591 0.094080
62.5 0.657749 0.093594
62.4685 0.657995 0.093102
62.4371 0.658306 0.092628
62.4056 0.658661 0.092179
62.3742 0.659042 0.091761
62.3429 0.659429 0.091375
62.3116 0.659796 0.091011
62.2803 0.660127 0.090641
62.249 0.660429 0.090223
62.2178 0.660740 0.089734
62.1866 0.661111 0.089180
62.1554 0.661575 0.088604
62.1242 0.662130 0.088056
62.0931 0.662747 0.087579
62.0621 0.663376 0.087186
62.031 0.663972 0.086862
62 0.664507 0.086564
