1000.25000  	 -6.80192 	 34.18075
998.00400  	 -6.80701 	 34.11969
995.76700  	 -6.81671 	 34.06413
993.54000  	 -6.82627 	 34.00880
991.32200  	 -6.83568 	 33.95377
989.11500  	 -6.84492 	 33.89918
986.91800  	 -6.85403 	 33.84481
984.73000  	 -6.86298 	 33.79073
982.55200  	 -6.87180 	 33.73697
980.38300  	 -6.88047 	 33.68360
978.22400  	 -6.88899 	 33.63044
976.07500  	 -6.89738 	 33.57759
973.93500  	 -6.90564 	 33.52513
971.80400  	 -6.91375 	 33.47285
969.68300  	 -6.92173 	 33.42087
967.57100  	 -6.92957 	 33.36928
965.46800  	 -6.93729 	 33.31786
963.37400  	 -6.94488 	 33.26673
961.28900  	 -6.95234 	 33.21597
959.21400  	 -6.95967 	 33.16540
957.14700  	 -6.96688 	 33.11509
955.08900  	 -6.97396 	 33.06515
953.04000  	 -6.98093 	 33.01538
951.00000  	 -6.98777 	 32.96587
948.96800  	 -6.99449 	 32.91662
946.94500  	 -7.00111 	 32.86773
944.93100  	 -7.00759 	 32.81900
942.92500  	 -7.01397 	 32.77052
940.92800  	 -7.02024 	 32.72240
938.93900  	 -7.02638 	 32.67442
936.95900  	 -7.03243 	 32.62670
934.98700  	 -7.03836 	 32.57931
933.02300  	 -7.04418 	 32.53206
931.06700  	 -7.04991 	 32.48505
929.12000  	 -7.05552 	 32.43838
927.18100  	 -7.06103 	 32.39185
925.24900  	 -7.06644 	 32.34553
923.32600  	 -7.07174 	 32.29946
921.41100  	 -7.07695 	 32.25372
919.50400  	 -7.08206 	 32.20810
917.60500  	 -7.08706 	 32.16271
915.71300  	 -7.09198 	 32.11763
913.82900  	 -7.09679 	 32.07266
911.95300  	 -7.10152 	 32.02792
910.08500  	 -7.10615 	 31.98350
908.22400  	 -7.11068 	 31.93919
906.37100  	 -7.11513 	 31.89508
904.52600  	 -7.11949 	 31.85130
902.68700  	 -7.12375 	 31.80760
900.85700  	 -7.12793 	 31.76412
899.03400  	 -7.13202 	 31.72085
897.21800  	 -7.13603 	 31.67786
895.40900  	 -7.13995 	 31.63498
893.60800  	 -7.14378 	 31.59230
891.81400  	 -7.14754 	 31.54991
890.02700  	 -7.15122 	 31.50761
888.24800  	 -7.15480 	 31.46552
886.47500  	 -7.15831 	 31.42370
884.71000  	 -7.16175 	 31.38198
882.95100  	 -7.16509 	 31.34043
881.20000  	 -7.16837 	 31.29919
879.45500  	 -7.17157 	 31.25801
877.71700  	 -7.17469 	 31.21701
875.98700  	 -7.17774 	 31.17631
874.26300  	 -7.18071 	 31.13568
872.54500  	 -7.18362 	 31.09521
870.83500  	 -7.18645 	 31.05493
869.13100  	 -7.18920 	 31.01492
867.43400  	 -7.19189 	 30.97498
865.74300  	 -7.19451 	 30.93520
864.05900  	 -7.19705 	 30.89570
862.38200  	 -7.19954 	 30.85627
860.71100  	 -7.20194 	 30.81700
859.04700  	 -7.20429 	 30.77800
857.38900  	 -7.20657 	 30.73905
855.73700  	 -7.20878 	 30.70026
854.09200  	 -7.21093 	 30.66174
852.45300  	 -7.21302 	 30.62327
850.82000  	 -7.21503 	 30.58496
849.19300  	 -7.21700 	 30.54680
847.57300  	 -7.21889 	 30.50890
845.95900  	 -7.22073 	 30.47104
844.35100  	 -7.22251 	 30.43334
842.74900  	 -7.22422 	 30.39589
841.15400  	 -7.22587 	 30.35850
839.56400  	 -7.22748 	 30.32124
837.98000  	 -7.22901 	 30.28422
836.40200  	 -7.23050 	 30.24725
834.83000  	 -7.23193 	 30.21042
833.26400  	 -7.23329 	 30.17384
831.70400  	 -7.23461 	 30.13730
830.15000  	 -7.23586 	 30.10090
828.60200  	 -7.23707 	 30.06464
827.05900  	 -7.23822 	 30.02860
825.52200  	 -7.23932 	 29.99261
823.99100  	 -7.24037 	 29.95675
822.46500  	 -7.24137 	 29.92112
820.94500  	 -7.24230 	 29.88552
819.43100  	 -7.24320 	 29.85006
817.92200  	 -7.24403 	 29.81482
816.41900  	 -7.24483 	 29.77962
814.92100  	 -7.24557 	 29.74453
813.42900  	 -7.24626 	 29.70968
811.94200  	 -7.24691 	 29.67485
810.46100  	 -7.24751 	 29.64015
808.98500  	 -7.24806 	 29.60557
807.51400  	 -7.24857 	 29.57120
806.04900  	 -7.24903 	 29.53686
804.58900  	 -7.24943 	 29.50264
803.13400  	 -7.24980 	 29.46864
801.68500  	 -7.25012 	 29.43466
800.24100  	 -7.25040 	 29.40080
798.80200  	 -7.25064 	 29.36715
797.36800  	 -7.25082 	 29.33351
795.93900  	 -7.25097 	 29.29998
794.51600  	 -7.25108 	 29.26668
793.09700  	 -7.25114 	 29.23337
791.68400  	 -7.25116 	 29.20019
790.27500  	 -7.25114 	 29.16721
788.87200  	 -7.25108 	 29.13424
787.47300  	 -7.25098 	 29.10138
786.08000  	 -7.25084 	 29.06863
784.69100  	 -7.25066 	 29.03608
783.30800  	 -7.25044 	 29.00354
781.92900  	 -7.25018 	 28.97110
780.55500  	 -7.24989 	 28.93887
779.18600  	 -7.24955 	 28.90664
777.82100  	 -7.24918 	 28.87450
776.46200  	 -7.24877 	 28.84258
775.10700  	 -7.24832 	 28.81065
773.75700  	 -7.24784 	 28.77882
772.41200  	 -7.24732 	 28.74720
771.07100  	 -7.24676 	 28.71556
769.73500  	 -7.24618 	 28.68403
768.40300  	 -7.24556 	 28.65258
767.07600  	 -7.24489 	 28.62134
765.75400  	 -7.24420 	 28.59009
764.43600  	 -7.24347 	 28.55893
763.12300  	 -7.24271 	 28.52797
761.81400  	 -7.24192 	 28.49700
760.51000  	 -7.24109 	 28.46612
759.21000  	 -7.24023 	 28.43543
757.91500  	 -7.23934 	 28.40474
756.62400  	 -7.23841 	 28.37413
755.33800  	 -7.23746 	 28.34371
754.05600  	 -7.23647 	 28.31328
752.77800  	 -7.23545 	 28.28293
751.50400  	 -7.23441 	 28.25267
750.23500  	 -7.23332 	 28.22259
748.97000  	 -7.23222 	 28.19250
747.70900  	 -7.23108 	 28.16250
746.45300  	 -7.22990 	 28.13268
745.20100  	 -7.22871 	 28.10284
743.95300  	 -7.22749 	 28.07309
742.70900  	 -7.22622 	 28.04351
741.46900  	 -7.22494 	 28.01392
740.23400  	 -7.22362 	 27.98441
739.00200  	 -7.22229 	 27.95507
737.77500  	 -7.22092 	 27.92572
736.55200  	 -7.21952 	 27.89645
735.33200  	 -7.21811 	 27.86724
734.11700  	 -7.21666 	 27.83822
732.90600  	 -7.21518 	 27.80918
731.69900  	 -7.21368 	 27.78021
730.49600  	 -7.21215 	 27.75142
729.29600  	 -7.21060 	 27.72260
728.10100  	 -7.20902 	 27.69386
726.91000  	 -7.20741 	 27.66529
725.72200  	 -7.20578 	 27.63669
724.53800  	 -7.20413 	 27.60816
723.35800  	 -7.20245 	 27.57981
722.18300  	 -7.20075 	 27.55143
721.01000  	 -7.19903 	 27.52311
719.84200  	 -7.19727 	 27.49498
718.67700  	 -7.19550 	 27.46680
717.51700  	 -7.19369 	 27.43871
716.35900  	 -7.19187 	 27.41067
715.20600  	 -7.19003 	 27.38280
714.05600  	 -7.18816 	 27.35490
712.91100  	 -7.18627 	 27.32708
711.76800  	 -7.18436 	 27.29941
710.63000  	 -7.18242 	 27.27172
709.49500  	 -7.18047 	 27.24409
708.36300  	 -7.17850 	 27.21661
707.23500  	 -7.17649 	 27.18911
706.11100  	 -7.17447 	 27.16167
704.99100  	 -7.17242 	 27.13440
703.87400  	 -7.17036 	 27.10709
702.76000  	 -7.16828 	 27.07983
701.65000  	 -7.16617 	 27.05265
700.54400  	 -7.16405 	 27.02562
699.44100  	 -7.16191 	 26.99856
698.34100  	 -7.15974 	 26.97155
697.24500  	 -7.15756 	 26.94471
696.15200  	 -7.15535 	 26.91782
695.06300  	 -7.15312 	 26.89100
693.97700  	 -7.15089 	 26.86433
692.89500  	 -7.14862 	 26.83763
691.81600  	 -7.14634 	 26.81098
690.74000  	 -7.14404 	 26.78448
689.66700  	 -7.14172 	 26.75794
688.59800  	 -7.13938 	 26.73146
687.53300  	 -7.13703 	 26.70505
686.47000  	 -7.13465 	 26.67878
685.41100  	 -7.13226 	 26.65247
684.35500  	 -7.12985 	 26.62621
683.30200  	 -7.12743 	 26.60011
682.25300  	 -7.12498 	 26.57396
681.20700  	 -7.12252 	 26.54787
680.16400  	 -7.12004 	 26.52193
679.12400  	 -7.11755 	 26.49594
678.08700  	 -7.11503 	 26.47000
677.05400  	 -7.11250 	 26.44423
676.02300  	 -7.10995 	 26.41839
674.99600  	 -7.10739 	 26.39261
673.97200  	 -7.10482 	 26.36689
672.95100  	 -7.10222 	 26.34131
671.93300  	 -7.09961 	 26.31568
670.91800  	 -7.09699 	 26.29010
669.90700  	 -7.09434 	 26.26468
668.89800  	 -7.09168 	 26.23920
667.89200  	 -7.08901 	 26.21377
666.88900  	 -7.08632 	 26.18849
665.89000  	 -7.08362 	 26.16316
664.89300  	 -7.08090 	 26.13788
663.89900  	 -7.07817 	 26.11274
662.90900  	 -7.07542 	 26.08755
661.92100  	 -7.07265 	 26.06241
660.93600  	 -7.06988 	 26.03741
659.95400  	 -7.06709 	 26.01236
658.97500  	 -7.06428 	 25.98736
657.99900  	 -7.06146 	 25.96240
657.02600  	 -7.05862 	 25.93759
656.05500  	 -7.05578 	 25.91271
655.08800  	 -7.05292 	 25.88789
654.12300  	 -7.05004 	 25.86321
653.16200  	 -7.04715 	 25.83848
652.20300  	 -7.04426 	 25.81379
651.24600  	 -7.04134 	 25.78923
650.29300  	 -7.03841 	 25.76463
649.34300  	 -7.03546 	 25.74007
648.39500  	 -7.03251 	 25.71565
647.45000  	 -7.02955 	 25.69117
646.50700  	 -7.02656 	 25.66673
645.56800  	 -7.02357 	 25.64233
644.63100  	 -7.02057 	 25.61808
643.69700  	 -7.01755 	 25.59376
642.76600  	 -7.01452 	 25.56949
641.83700  	 -7.01148 	 25.54536
640.91100  	 -7.00842 	 25.52117
639.98800  	 -7.00536 	 25.49702
639.06700  	 -7.00227 	 25.47300
638.14900  	 -6.99919 	 25.44893
637.23300  	 -6.99609 	 25.42489
636.32100  	 -6.99297 	 25.40100
635.41000  	 -6.98985 	 25.37703
634.50300  	 -6.98672 	 25.35312
633.59800  	 -6.98356 	 25.32923
632.69500  	 -6.98041 	 25.30549
631.79600  	 -6.97723 	 25.28169
630.89800  	 -6.97406 	 25.25791
630.00300  	 -6.97087 	 25.23427
629.11100  	 -6.96766 	 25.21058
628.22200  	 -6.96445 	 25.18692
627.33400  	 -6.96123 	 25.16339
626.45000  	 -6.95799 	 25.13981
625.56800  	 -6.95474 	 25.11626
624.68800  	 -6.95149 	 25.09284
623.81100  	 -6.94822 	 25.06936
622.93600  	 -6.94495 	 25.04591
622.06300  	 -6.94166 	 25.02249
621.19400  	 -6.93836 	 24.99922
620.32600  	 -6.93506 	 24.97587
619.46100  	 -6.93174 	 24.95256
618.59800  	 -6.92842 	 24.92938
617.73800  	 -6.92509 	 24.90614
616.88000  	 -6.92174 	 24.88293
616.02500  	 -6.91838 	 24.85986
615.17200  	 -6.91501 	 24.83671
614.32100  	 -6.91164 	 24.81360
613.47300  	 -6.90826 	 24.79063
612.62700  	 -6.90486 	 24.76758
611.78300  	 -6.90147 	 24.74456
610.94200  	 -6.89806 	 24.72168
610.10300  	 -6.89463 	 24.69873
609.26600  	 -6.89121 	 24.67581
608.43100  	 -6.88778 	 24.65292
607.59900  	 -6.88432 	 24.63016
606.76900  	 -6.88087 	 24.60733
605.94100  	 -6.87740 	 24.58453
605.11600  	 -6.87393 	 24.56187
604.29300  	 -6.87045 	 24.53913
603.47200  	 -6.86696 	 24.51642
602.65300  	 -6.86346 	 24.49385
601.83700  	 -6.85996 	 24.47120
601.02300  	 -6.85644 	 24.44858
600.21000  	 -6.85292 	 24.42609
599.40100  	 -6.84938 	 24.40354
598.59300  	 -6.84585 	 24.38100
597.78700  	 -6.84231 	 24.35850
596.98400  	 -6.83874 	 24.33612
596.18300  	 -6.83518 	 24.31368
595.38400  	 -6.83162 	 24.29126
594.58700  	 -6.82803 	 24.26897
593.79200  	 -6.82445 	 24.24660
592.99900  	 -6.82086 	 24.22427
592.20900  	 -6.81725 	 24.20206
591.42000  	 -6.81365 	 24.17978
590.63400  	 -6.81002 	 24.15752
589.85000  	 -6.80640 	 24.13540
589.06800  	 -6.80278 	 24.11320
588.28800  	 -6.79913 	 24.09102
587.50900  	 -6.79549 	 24.06887
586.73300  	 -6.79184 	 24.04685
585.96000  	 -6.78817 	 24.02476
585.18800  	 -6.78451 	 24.00269
584.41800  	 -6.78083 	 23.98074
583.65000  	 -6.77715 	 23.95872
582.88400  	 -6.77347 	 23.93672
582.12000  	 -6.76977 	 23.91485
581.35800  	 -6.76607 	 23.89291
580.59900  	 -6.76236 	 23.87099
579.84100  	 -6.75864 	 23.84920
579.08500  	 -6.75492 	 23.82733
578.33100  	 -6.75120 	 23.80548
577.57900  	 -6.74746 	 23.78366
576.82900  	 -6.74372 	 23.76196
576.08100  	 -6.73996 	 23.74018
575.33500  	 -6.73621 	 23.71843
574.59100  	 -6.73246 	 23.69681
573.84800  	 -6.72868 	 23.67510
573.10800  	 -6.72491 	 23.65342
572.37000  	 -6.72114 	 23.63187
571.63300  	 -6.71735 	 23.61023
570.89800  	 -6.71356 	 23.58861
570.16600  	 -6.70975 	 23.56713
569.43500  	 -6.70595 	 23.54556
568.70600  	 -6.70215 	 23.52402
567.97900  	 -6.69832 	 23.50260
567.25300  	 -6.69451 	 23.48109
566.53000  	 -6.69068 	 23.45962
565.80800  	 -6.68684 	 23.43816
565.08900  	 -6.68301 	 23.41683
564.37100  	 -6.67917 	 23.39542
563.65500  	 -6.67531 	 23.37402
562.94000  	 -6.67146 	 23.35275
562.22800  	 -6.66759 	 23.33140
561.51700  	 -6.66372 	 23.31007
560.80800  	 -6.65986 	 23.28887
560.10100  	 -6.65597 	 23.26758
559.39600  	 -6.65209 	 23.24632
558.69200  	 -6.64821 	 23.22517
557.99000  	 -6.64431 	 23.20394
557.29000  	 -6.64041 	 23.18274
556.59200  	 -6.63650 	 23.16156
555.89600  	 -6.63259 	 23.14050
555.20100  	 -6.62868 	 23.11935
554.50800  	 -6.62475 	 23.09823
553.81700  	 -6.62083 	 23.07722
553.12700  	 -6.61690 	 23.05613
552.43900  	 -6.61296 	 23.03507
551.75300  	 -6.60902 	 23.01412
551.06800  	 -6.60508 	 22.99309
550.38600  	 -6.60112 	 22.97209
549.70500  	 -6.59717 	 22.95120
549.02500  	 -6.59321 	 22.93022
548.34800  	 -6.58924 	 22.90928
547.67100  	 -6.58528 	 22.88834
546.99700  	 -6.58130 	 22.86752
546.32400  	 -6.57732 	 22.84663
545.65300  	 -6.57334 	 22.82575
544.98400  	 -6.56935 	 22.80499
544.31600  	 -6.56536 	 22.78415
543.65000  	 -6.56135 	 22.76333
542.98500  	 -6.55735 	 22.74262
542.32300  	 -6.55335 	 22.72183
541.66100  	 -6.54933 	 22.70106
541.00200  	 -6.54532 	 22.68041
540.34400  	 -6.54130 	 22.65967
539.68700  	 -6.53727 	 22.63895
539.03200  	 -6.53325 	 22.61825
538.37900  	 -6.52921 	 22.59767
537.72700  	 -6.52517 	 22.57700
537.07700  	 -6.52113 	 22.55635
536.42900  	 -6.51708 	 22.53582
535.78200  	 -6.51303 	 22.51520
535.13600  	 -6.50898 	 22.49460
534.49200  	 -6.50492 	 22.47412
533.85000  	 -6.50086 	 22.45355
533.20900  	 -6.49680 	 22.43300
532.57000  	 -6.49272 	 22.41257
531.93200  	 -6.48865 	 22.39205
531.29600  	 -6.48456 	 22.37154
530.66100  	 -6.48048 	 22.35116
530.02800  	 -6.47640 	 22.33069
529.39600  	 -6.47230 	 22.31023
528.76600  	 -6.46821 	 22.28979
528.13800  	 -6.46412 	 22.26947
527.51000  	 -6.46001 	 22.24906
526.88500  	 -6.45590 	 22.22867
526.26100  	 -6.45179 	 22.20839
525.63800  	 -6.44768 	 22.18803
525.01700  	 -6.44356 	 22.16768
524.39700  	 -6.43944 	 22.14745
523.77900  	 -6.43531 	 22.12714
523.16200  	 -6.43119 	 22.10683
522.54600  	 -6.42705 	 22.08664
521.93200  	 -6.42292 	 22.06637
521.32000  	 -6.41878 	 22.04611
520.70900  	 -6.41463 	 22.02587
520.09900  	 -6.41049 	 22.00574
519.49100  	 -6.40634 	 21.98553
518.88400  	 -6.40219 	 21.96533
518.27900  	 -6.39803 	 21.94524
517.67500  	 -6.39387 	 21.92507
517.07200  	 -6.38971 	 21.90491
516.47100  	 -6.38554 	 21.88487
515.87100  	 -6.38137 	 21.86474
515.27300  	 -6.37720 	 21.84462
514.67600  	 -6.37301 	 21.82462
514.08000  	 -6.36884 	 21.80453
513.48600  	 -6.36466 	 21.78445
512.89300  	 -6.36046 	 21.76439
512.30200  	 -6.35628 	 21.74445
511.71100  	 -6.35209 	 21.72441
511.12300  	 -6.34788 	 21.70439
510.53500  	 -6.34369 	 21.68448
509.94900  	 -6.33949 	 21.66448
509.36400  	 -6.33528 	 21.64450
508.78100  	 -6.33107 	 21.62463
508.19900  	 -6.32685 	 21.60467
507.61800  	 -6.32264 	 21.58473
507.03900  	 -6.31843 	 21.56490
506.46100  	 -6.31420 	 21.54498
505.88400  	 -6.30998 	 21.52507
505.30900  	 -6.30575 	 21.50518
504.73400  	 -6.30152 	 21.48540
504.16200  	 -6.29729 	 21.46553
503.59000  	 -6.29305 	 21.44568
503.02000  	 -6.28881 	 21.42593
502.45100  	 -6.28457 	 21.40610
501.88300  	 -6.28032 	 21.38628
501.31700  	 -6.27608 	 21.36658
500.75200  	 -6.27183 	 21.34678
500.18800  	 -6.26757 	 21.32700
499.62500  	 -6.26332 	 21.30732
499.06400  	 -6.25907 	 21.28757
498.50400  	 -6.25480 	 21.26782
497.94500  	 -6.25054 	 21.24818
497.38800  	 -6.24626 	 21.22846
496.83100  	 -6.24200 	 21.20874
496.27600  	 -6.23773 	 21.18904
495.72200  	 -6.23345 	 21.16945
495.17000  	 -6.22918 	 21.14977
494.61900  	 -6.22490 	 21.13011
494.06800  	 -6.22061 	 21.11055
493.52000  	 -6.21633 	 21.09091
492.97200  	 -6.21203 	 21.07127
492.42500  	 -6.20775 	 21.05175
491.88000  	 -6.20346 	 21.03214
491.33600  	 -6.19916 	 21.01253
490.79300  	 -6.19486 	 20.99304
490.25200  	 -6.19057 	 20.97347
489.71100  	 -6.18626 	 20.95390
489.17200  	 -6.18196 	 20.93434
488.63400  	 -6.17765 	 20.91489
488.09700  	 -6.17334 	 20.89536
487.56100  	 -6.16903 	 20.87583
487.02700  	 -6.16471 	 20.85642
486.49300  	 -6.16039 	 20.83691
485.96100  	 -6.15608 	 20.81741
485.43000  	 -6.15175 	 20.79803
484.90000  	 -6.14743 	 20.77855
484.37100  	 -6.14310 	 20.75909
483.84400  	 -6.13877 	 20.73974
483.31700  	 -6.13444 	 20.72029
482.79200  	 -6.13010 	 20.70086
482.26800  	 -6.12577 	 20.68143
481.74500  	 -6.12144 	 20.66212
481.22300  	 -6.11709 	 20.64272
480.70200  	 -6.11275 	 20.62332
480.18300  	 -6.10841 	 20.60404
479.66400  	 -6.10406 	 20.58466
479.14700  	 -6.09971 	 20.56530
478.63100  	 -6.09536 	 20.54604
478.11500  	 -6.09100 	 20.52669
477.60100  	 -6.08665 	 20.50736
477.08800  	 -6.08229 	 20.48813
476.57700  	 -6.07793 	 20.46882
476.06600  	 -6.07357 	 20.44951
475.55600  	 -6.06920 	 20.43021
475.04800  	 -6.06484 	 20.41102
474.54000  	 -6.06048 	 20.39174
474.03400  	 -6.05610 	 20.37247
473.52900  	 -6.05173 	 20.35331
473.02400  	 -6.04735 	 20.33405
472.52100  	 -6.04298 	 20.31481
472.01900  	 -6.03861 	 20.29567
471.51800  	 -6.03422 	 20.27644
471.01800  	 -6.02984 	 20.25723
470.51900  	 -6.02546 	 20.23812
470.02100  	 -6.02107 	 20.21892
469.52500  	 -6.01669 	 20.19973
469.02900  	 -6.01230 	 20.18065
468.53400  	 -6.00790 	 20.16147
468.04000  	 -6.00351 	 20.14231
467.54800  	 -5.99911 	 20.12315
467.05600  	 -5.99472 	 20.10410
466.56600  	 -5.99032 	 20.08496
466.07600  	 -5.98592 	 20.06583
465.58800  	 -5.98152 	 20.04681
465.10000  	 -5.97712 	 20.02769
464.61400  	 -5.97270 	 20.00859
464.12800  	 -5.96830 	 19.98959
463.64400  	 -5.96388 	 19.97050
463.16100  	 -5.95948 	 19.95142
462.67800  	 -5.95507 	 19.93245
462.19700  	 -5.95065 	 19.91338
461.71600  	 -5.94623 	 19.89432
461.23700  	 -5.94182 	 19.87528
460.75900  	 -5.93739 	 19.85634
460.28100  	 -5.93297 	 19.83730
459.80500  	 -5.92855 	 19.81828
459.32900  	 -5.92412 	 19.79936
458.85500  	 -5.91970 	 19.78035
458.38100  	 -5.91526 	 19.76135
457.90900  	 -5.91084 	 19.74245
457.43700  	 -5.90641 	 19.72347
456.96700  	 -5.90197 	 19.70449
456.49700  	 -5.89754 	 19.68562
456.02800  	 -5.89310 	 19.66665
455.56100  	 -5.88866 	 19.64770
455.09400  	 -5.88422 	 19.62875
454.62800  	 -5.87977 	 19.60991
454.16400  	 -5.87533 	 19.59098
453.70000  	 -5.87089 	 19.57205
453.23700  	 -5.86644 	 19.55323
452.77500  	 -5.86200 	 19.53432
452.31400  	 -5.85755 	 19.51541
451.85400  	 -5.85309 	 19.49662
451.39500  	 -5.84864 	 19.47773
450.93600  	 -5.84419 	 19.45884
450.47900  	 -5.83973 	 19.44007
450.02300  	 -5.83528 	 19.42120
449.56700  	 -5.83081 	 19.40234
449.11300  	 -5.82636 	 19.38358
448.65900  	 -5.82190 	 19.36474
448.20600  	 -5.81743 	 19.34589
447.75500  	 -5.81297 	 19.32706
447.30400  	 -5.80851 	 19.30834
446.85400  	 -5.80403 	 19.28952
446.40500  	 -5.79957 	 19.27070
445.95700  	 -5.79509 	 19.25200
445.50900  	 -5.79063 	 19.23320
445.06300  	 -5.78616 	 19.21440
444.61800  	 -5.78168 	 19.19572
444.17300  	 -5.77720 	 19.17694
443.72900  	 -5.77273 	 19.15816
443.28700  	 -5.76825 	 19.13950
442.84500  	 -5.76377 	 19.12074
442.40400  	 -5.75928 	 19.10199
441.96300  	 -5.75480 	 19.08324
441.52400  	 -5.75032 	 19.06460
441.08600  	 -5.74583 	 19.04587
440.64800  	 -5.74135 	 19.02714
440.21200  	 -5.73687 	 19.00852
439.77600  	 -5.73237 	 18.98980
439.34100  	 -5.72788 	 18.97110
438.90700  	 -5.72340 	 18.95249
438.47400  	 -5.71890 	 18.93380
438.04100  	 -5.71441 	 18.91511
437.61000  	 -5.70990 	 18.89653
437.17900  	 -5.70541 	 18.87785
436.74900  	 -5.70092 	 18.85918
436.32000  	 -5.69641 	 18.84051
435.89200  	 -5.69191 	 18.82195
435.46500  	 -5.68742 	 18.80330
435.03800  	 -5.68291 	 18.78465
434.61300  	 -5.67841 	 18.76611
434.18800  	 -5.67390 	 18.74748
433.76400  	 -5.66939 	 18.72885
433.34100  	 -5.66489 	 18.71032
432.91800  	 -5.66037 	 18.69170
432.49700  	 -5.65587 	 18.67309
432.07600  	 -5.65136 	 18.65459
431.65600  	 -5.64684 	 18.63599
431.23700  	 -5.64233 	 18.61739
430.81900  	 -5.63782 	 18.59881
430.40200  	 -5.63330 	 18.58032
429.98500  	 -5.62879 	 18.56175
429.56900  	 -5.62426 	 18.54317
429.15400  	 -5.61975 	 18.52471
428.74000  	 -5.61523 	 18.50615
428.32700  	 -5.61070 	 18.48759
427.91400  	 -5.60618 	 18.46914
427.50200  	 -5.60166 	 18.45060
427.09100  	 -5.59713 	 18.43206
426.68100  	 -5.59261 	 18.41363
426.27200  	 -5.58807 	 18.39510
425.86300  	 -5.58355 	 18.37658
425.45500  	 -5.57903 	 18.35816
425.04800  	 -5.57449 	 18.33965
424.64200  	 -5.56996 	 18.32115
424.23600  	 -5.56543 	 18.30265
423.83100  	 -5.56089 	 18.28425
423.42700  	 -5.55636 	 18.26576
423.02400  	 -5.55183 	 18.24728
422.62200  	 -5.54729 	 18.22890
422.22000  	 -5.54275 	 18.21042
421.81900  	 -5.53821 	 18.19195
421.41900  	 -5.53367 	 18.17359
421.02000  	 -5.52914 	 18.15513
420.62100  	 -5.52459 	 18.13668
420.22300  	 -5.52005 	 18.11833
419.82600  	 -5.51551 	 18.09988
419.42900  	 -5.51096 	 18.08144
419.03400  	 -5.50642 	 18.06301
418.63900  	 -5.50187 	 18.04468
418.24500  	 -5.49732 	 18.02626
417.85100  	 -5.49278 	 18.00784
417.45900  	 -5.48822 	 17.98953
417.06700  	 -5.48367 	 17.97112
416.67500  	 -5.47913 	 17.95271
416.28500  	 -5.47457 	 17.93441
415.89500  	 -5.47002 	 17.91602
415.50600  	 -5.46547 	 17.89763
415.11800  	 -5.46091 	 17.87934
414.73000  	 -5.45636 	 17.86096
414.34400  	 -5.45179 	 17.84259
413.95700  	 -5.44724 	 17.82421
413.57200  	 -5.44268 	 17.80595
413.18700  	 -5.43812 	 17.78759
412.80300  	 -5.43356 	 17.76923
412.42000  	 -5.42900 	 17.75098
412.03800  	 -5.42444 	 17.73263
411.65600  	 -5.41988 	 17.71429
411.27500  	 -5.41531 	 17.69605
410.89400  	 -5.41075 	 17.67771
410.51500  	 -5.40618 	 17.65939
410.13600  	 -5.40161 	 17.64116
409.75700  	 -5.39705 	 17.62284
409.38000  	 -5.39248 	 17.60452
409.00300  	 -5.38791 	 17.58621
408.62600  	 -5.38334 	 17.56800
408.25100  	 -5.37877 	 17.54970
407.87600  	 -5.37420 	 17.53140
407.50200  	 -5.36963 	 17.51321
407.12800  	 -5.36505 	 17.49492
406.75600  	 -5.36048 	 17.47663
406.38400  	 -5.35591 	 17.45845
406.01200  	 -5.35132 	 17.44017
405.64100  	 -5.34675 	 17.42190
405.27100  	 -5.34218 	 17.40373
404.90200  	 -5.33759 	 17.38547
404.53300  	 -5.33302 	 17.36721
404.16500  	 -5.32843 	 17.34905
403.79800  	 -5.32386 	 17.33080
403.43100  	 -5.31928 	 17.31255
403.06500  	 -5.31469 	 17.29431
402.70000  	 -5.31011 	 17.27617
402.33500  	 -5.30553 	 17.25793
401.97100  	 -5.30094 	 17.23970
401.60700  	 -5.29636 	 17.22157
401.24500  	 -5.29178 	 17.20335
400.88300  	 -5.28718 	 17.18513
400.52100  	 -5.28260 	 17.16701
400.16000  	 -5.27801 	 17.14880
399.80000  	 -5.27342 	 17.13060
399.44100  	 -5.26884 	 17.11249
399.08200  	 -5.26424 	 17.09429
398.72400  	 -5.25965 	 17.07610
398.36600  	 -5.25506 	 17.05791
398.00900  	 -5.25047 	 17.03982
397.65300  	 -5.24588 	 17.02163
397.29700  	 -5.24128 	 17.00345
396.94200  	 -5.23669 	 16.98538
396.58800  	 -5.23209 	 16.96721
396.23400  	 -5.22749 	 16.94904
395.88100  	 -5.22290 	 16.93097
395.52800  	 -5.21831 	 16.91281
395.17700  	 -5.21370 	 16.89465
394.82500  	 -5.20911 	 16.87660
394.47500  	 -5.20451 	 16.85845
394.12500  	 -5.19990 	 16.84030
393.77500  	 -5.19531 	 16.82216
393.42700  	 -5.19070 	 16.80412
393.07800  	 -5.18610 	 16.78598
392.73100  	 -5.18150 	 16.76785
392.38400  	 -5.17689 	 16.74982
392.03800  	 -5.17229 	 16.73170
391.69200  	 -5.16769 	 16.71358
391.34700  	 -5.16308 	 16.69556
391.00300  	 -5.15848 	 16.67745
390.65900  	 -5.15386 	 16.65934
390.31500  	 -5.14926 	 16.64133
389.97300  	 -5.14466 	 16.62323
389.63100  	 -5.14004 	 16.60513
389.28900  	 -5.13544 	 16.58703
388.94800  	 -5.13083 	 16.56904
388.60800  	 -5.12621 	 16.55095
388.26900  	 -5.12161 	 16.53286
387.92900  	 -5.11700 	 16.51488
387.59100  	 -5.11238 	 16.49680
387.25300  	 -5.10777 	 16.47872
386.91600  	 -5.10315 	 16.46075
386.57900  	 -5.09854 	 16.44268
386.24300  	 -5.09393 	 16.42461
385.90700  	 -5.08931 	 16.40665
385.57300  	 -5.08469 	 16.38859
385.23800  	 -5.08008 	 16.37054
384.90400  	 -5.07546 	 16.35258
384.57100  	 -5.07084 	 16.33453
384.23800  	 -5.06622 	 16.31649
383.90600  	 -5.06160 	 16.29844
383.57500  	 -5.05699 	 16.28051
383.24400  	 -5.05236 	 16.26247
382.91400  	 -5.04775 	 16.24444
382.58400  	 -5.04313 	 16.22651
382.25500  	 -5.03850 	 16.20848
381.92600  	 -5.03388 	 16.19046
381.59800  	 -5.02926 	 16.17253
381.27000  	 -5.02463 	 16.15452
380.94300  	 -5.02001 	 16.13650
380.61700  	 -5.01538 	 16.11859
380.29100  	 -5.01076 	 16.10058
379.96600  	 -5.00614 	 16.08258
379.64100  	 -5.00151 	 16.06457
379.31700  	 -4.99688 	 16.04668
378.99300  	 -4.99226 	 16.02868
378.67000  	 -4.98763 	 16.01069
378.34800  	 -4.98300 	 15.99280
378.02600  	 -4.97837 	 15.97481
377.70400  	 -4.97374 	 15.95683
377.38400  	 -4.96911 	 15.93895
377.06300  	 -4.96448 	 15.92097
376.74300  	 -4.95985 	 15.90299
376.42400  	 -4.95522 	 15.88512
376.10500  	 -4.95058 	 15.86715
375.78700  	 -4.94596 	 15.84918
375.47000  	 -4.94132 	 15.83122
375.15300  	 -4.93669 	 15.81336
374.83600  	 -4.93206 	 15.79540
374.52000  	 -4.92742 	 15.77745
374.20500  	 -4.92278 	 15.75960
373.89000  	 -4.91815 	 15.74165
373.57500  	 -4.91351 	 15.72370
373.26100  	 -4.90888 	 15.70586
372.94800  	 -4.90424 	 15.68792
372.63500  	 -4.89960 	 15.66998
372.32300  	 -4.89497 	 15.65214
372.01100  	 -4.89032 	 15.63421
371.70000  	 -4.88569 	 15.61628
371.38900  	 -4.88105 	 15.59835
371.07900  	 -4.87640 	 15.58053
370.76900  	 -4.87177 	 15.56261
370.46000  	 -4.86713 	 15.54469
370.15100  	 -4.86248 	 15.52687
369.84300  	 -4.85785 	 15.50896
369.53500  	 -4.85320 	 15.49105
369.22800  	 -4.84856 	 15.47324
368.92100  	 -4.84392 	 15.45534
368.61500  	 -4.83927 	 15.43743
368.31000  	 -4.83463 	 15.41964
368.00500  	 -4.82999 	 15.40174
367.70000  	 -4.82534 	 15.38384
367.39600  	 -4.82070 	 15.36605
367.09200  	 -4.81605 	 15.34816
366.78900  	 -4.81140 	 15.33027
366.48700  	 -4.80676 	 15.31239
366.18400  	 -4.80210 	 15.29461
365.88300  	 -4.79746 	 15.27673
365.58200  	 -4.79282 	 15.25885
365.28100  	 -4.78816 	 15.24108
364.98100  	 -4.78352 	 15.22321
364.68100  	 -4.77887 	 15.20534
364.38200  	 -4.77421 	 15.18757
364.08400  	 -4.76957 	 15.16971
363.78500  	 -4.76491 	 15.15184
363.48800  	 -4.76026 	 15.13409
363.19100  	 -4.75562 	 15.11623
362.89400  	 -4.75096 	 15.09837
362.59800  	 -4.74631 	 15.08052
362.30200  	 -4.74166 	 15.06277
362.00700  	 -4.73700 	 15.04493
361.71200  	 -4.73235 	 15.02708
361.41800  	 -4.72770 	 15.00934
361.12400  	 -4.72304 	 14.99150
360.83000  	 -4.71839 	 14.97366
360.53800  	 -4.71373 	 14.95593
360.24500  	 -4.70908 	 14.93809
359.95300  	 -4.70443 	 14.92026
359.66200  	 -4.69976 	 14.90254
359.37100  	 -4.69511 	 14.88471
359.08000  	 -4.69046 	 14.86689
358.79000  	 -4.68579 	 14.84906
358.50100  	 -4.68114 	 14.83135
358.21200  	 -4.67647 	 14.81353
357.92300  	 -4.67182 	 14.79572
357.63500  	 -4.66716 	 14.77800
357.34700  	 -4.66250 	 14.76019
357.06000  	 -4.65784 	 14.74239
356.77300  	 -4.65319 	 14.72468
356.48700  	 -4.64852 	 14.70688
356.20100  	 -4.64386 	 14.68908
355.91600  	 -4.63921 	 14.67138
355.63100  	 -4.63454 	 14.65359
355.34600  	 -4.62988 	 14.63579
355.06200  	 -4.62521 	 14.61800
354.77900  	 -4.62055 	 14.60031
354.49600  	 -4.61589 	 14.58252
354.21300  	 -4.61122 	 14.56474
353.93100  	 -4.60656 	 14.54705
353.64900  	 -4.60190 	 14.52927
353.36800  	 -4.59723 	 14.51150
353.08700  	 -4.59257 	 14.49382
352.80600  	 -4.58790 	 14.47604
352.52600  	 -4.58324 	 14.45827
352.24700  	 -4.57858 	 14.44060
351.96800  	 -4.57390 	 14.42283
351.68900  	 -4.56924 	 14.40507
351.41100  	 -4.56458 	 14.38740
351.13300  	 -4.55990 	 14.36964
350.85600  	 -4.55524 	 14.35188
350.57900  	 -4.55058 	 14.33412
350.30200  	 -4.54590 	 14.31647
350.02600  	 -4.54124 	 14.29871
349.75100  	 -4.53656 	 14.28096
349.47600  	 -4.53190 	 14.26331
349.20100  	 -4.52723 	 14.24557
348.92700  	 -4.52255 	 14.22782
348.65300  	 -4.51789 	 14.21018
348.37900  	 -4.51322 	 14.19243
348.10600  	 -4.50854 	 14.17469
347.83400  	 -4.50388 	 14.15706
347.56200  	 -4.49920 	 14.13932
347.29000  	 -4.49453 	 14.12159
347.01900  	 -4.48986 	 14.10386
346.74800  	 -4.48518 	 14.08623
346.47700  	 -4.48051 	 14.06850
346.20700  	 -4.47585 	 14.05077
345.93800  	 -4.47117 	 14.03315
345.66800  	 -4.46650 	 14.01543
345.40000  	 -4.46183 	 13.99771
345.13100  	 -4.45715 	 13.98009
344.86300  	 -4.45247 	 13.96237
344.59600  	 -4.44779 	 13.94466
344.32900  	 -4.44312 	 13.92705
344.06200  	 -4.43845 	 13.90934
343.79600  	 -4.43377 	 13.89163
343.53000  	 -4.42910 	 13.87392
343.26400  	 -4.42442 	 13.85632
342.99900  	 -4.41974 	 13.83861
342.73500  	 -4.41507 	 13.82091
342.47100  	 -4.41038 	 13.80331
342.20700  	 -4.40571 	 13.78562
341.94300  	 -4.40103 	 13.76792
341.68000  	 -4.39635 	 13.75033
341.41800  	 -4.39168 	 13.73263
341.15500  	 -4.38700 	 13.71494
340.89400  	 -4.38232 	 13.69736
340.63200  	 -4.37764 	 13.67967
340.37100  	 -4.37296 	 13.66198
340.11100  	 -4.36828 	 13.64430
339.85000  	 -4.36360 	 13.62672
339.59100  	 -4.35891 	 13.60904
339.33100  	 -4.35424 	 13.59136
339.07200  	 -4.34956 	 13.57379
338.81400  	 -4.34487 	 13.55611
338.55500  	 -4.34019 	 13.53844
338.29800  	 -4.33552 	 13.52087
338.04000  	 -4.33083 	 13.50320
337.78300  	 -4.32615 	 13.48553
337.52600  	 -4.32146 	 13.46796
337.27000  	 -4.31678 	 13.45030
337.01400  	 -4.31210 	 13.43264
336.75900  	 -4.30741 	 13.41508
336.50400  	 -4.30273 	 13.39742
336.24900  	 -4.29805 	 13.37976
335.99500  	 -4.29336 	 13.36211
335.74100  	 -4.28868 	 13.34455
335.48700  	 -4.28400 	 13.32690
335.23400  	 -4.27931 	 13.30925
334.98100  	 -4.27463 	 13.29170
334.72900  	 -4.26994 	 13.27405
334.47700  	 -4.26525 	 13.25641
334.22500  	 -4.26057 	 13.23886
333.97400  	 -4.25588 	 13.22122
333.72300  	 -4.25120 	 13.20358
333.47200  	 -4.24651 	 13.18604
333.22200  	 -4.24182 	 13.16840
332.97300  	 -4.23714 	 13.15077
332.72300  	 -4.23244 	 13.13313
332.47400  	 -4.22776 	 13.11560
332.22500  	 -4.22307 	 13.09797
331.97700  	 -4.21838 	 13.08034
331.72900  	 -4.21369 	 13.06281
331.48200  	 -4.20901 	 13.04519
331.23500  	 -4.20431 	 13.02756
330.98800  	 -4.19963 	 13.01004
330.74100  	 -4.19493 	 12.99241
330.49500  	 -4.19025 	 12.97479
330.25000  	 -4.18556 	 12.95728
330.00400  	 -4.18086 	 12.93966
329.75900  	 -4.17618 	 12.92204
329.51500  	 -4.17149 	 12.90443
329.27000  	 -4.16679 	 12.88692
329.02700  	 -4.16211 	 12.86931
328.78300  	 -4.15742 	 12.85170
328.54000  	 -4.15272 	 12.83419
328.29700  	 -4.14803 	 12.81658
328.05500  	 -4.14333 	 12.79898
327.81200  	 -4.13865 	 12.78147
327.57100  	 -4.13396 	 12.76387
327.32900  	 -4.12926 	 12.74627
327.08800  	 -4.12457 	 12.72877
326.84800  	 -4.11988 	 12.71117
326.60700  	 -4.11518 	 12.69357
326.36700  	 -4.11049 	 12.67598
326.12800  	 -4.10579 	 12.65849
325.88900  	 -4.10110 	 12.64090
325.65000  	 -4.09641 	 12.62330
325.41100  	 -4.09171 	 12.60581
325.17300  	 -4.08702 	 12.58823
324.93500  	 -4.08233 	 12.57064
324.69800  	 -4.07762 	 12.55316
324.46000  	 -4.07293 	 12.53557
324.22400  	 -4.06824 	 12.51799
323.98700  	 -4.06354 	 12.50051
323.75100  	 -4.05885 	 12.48293
323.51500  	 -4.05414 	 12.46535
323.28000  	 -4.04945 	 12.44787
323.04500  	 -4.04476 	 12.43030
322.81000  	 -4.04006 	 12.41273
322.57600  	 -4.03536 	 12.39515
322.34100  	 -4.03067 	 12.37768
322.10800  	 -4.02597 	 12.36011
321.87400  	 -4.02127 	 12.34254
321.64100  	 -4.01657 	 12.32508
321.40900  	 -4.01187 	 12.30751
321.17600  	 -4.00718 	 12.28995
320.94400  	 -4.00247 	 12.27248
320.71200  	 -3.99778 	 12.25492
320.48100  	 -3.99308 	 12.23736
320.25000  	 -3.98838 	 12.21990
320.01900  	 -3.98368 	 12.20234
319.78900  	 -3.97899 	 12.18479
319.55900  	 -3.97428 	 12.16723
319.32900  	 -3.96959 	 12.14978
319.10000  	 -3.96488 	 12.13223
318.87100  	 -3.96018 	 12.11467
318.64200  	 -3.95549 	 12.09722
318.41400  	 -3.95078 	 12.07968
318.18600  	 -3.94608 	 12.06213
317.95800  	 -3.94139 	 12.04468
317.73000  	 -3.93668 	 12.02714
317.50300  	 -3.93198 	 12.00959
317.27600  	 -3.92727 	 11.99215
317.05000  	 -3.92257 	 11.97461
316.82400  	 -3.91788 	 11.95707
316.59800  	 -3.91317 	 11.93953
316.37300  	 -3.90847 	 11.92209
316.14700  	 -3.90377 	 11.90456
315.92300  	 -3.89906 	 11.88702
315.69800  	 -3.89436 	 11.86959
315.47400  	 -3.88966 	 11.85206
315.25000  	 -3.88495 	 11.83453
315.02600  	 -3.88026 	 11.81709
314.80300  	 -3.87555 	 11.79957
314.58000  	 -3.87085 	 11.78204
314.35800  	 -3.86615 	 11.76461
314.13500  	 -3.86144 	 11.74709
313.91300  	 -3.85673 	 11.72956
313.69200  	 -3.85203 	 11.71214
313.47000  	 -3.84732 	 11.69462
313.24900  	 -3.84262 	 11.67710
313.02900  	 -3.83791 	 11.65958
312.80800  	 -3.83321 	 11.64216
312.58800  	 -3.82851 	 11.62464
312.36800  	 -3.82380 	 11.60713
312.14900  	 -3.81909 	 11.58971
311.93000  	 -3.81439 	 11.57220
311.71100  	 -3.80968 	 11.55469
311.49200  	 -3.80498 	 11.53728
311.27400  	 -3.80028 	 11.51977
311.05600  	 -3.79556 	 11.50226
310.83800  	 -3.79086 	 11.48485
310.62100  	 -3.78615 	 11.46734
310.40400  	 -3.78144 	 11.44984
310.18700  	 -3.77674 	 11.43233
309.97100  	 -3.77203 	 11.41493
309.75400  	 -3.76732 	 11.39743
309.53900  	 -3.76262 	 11.37993
309.32300  	 -3.75791 	 11.36253
309.10800  	 -3.75320 	 11.34503
308.89300  	 -3.74849 	 11.32753
308.67800  	 -3.74378 	 11.31013
308.46400  	 -3.73908 	 11.29264
308.25000  	 -3.73436 	 11.27514
308.03600  	 -3.72966 	 11.25775
307.82300  	 -3.72495 	 11.24026
307.61000  	 -3.72024 	 11.22277
307.39700  	 -3.71553 	 11.20528
307.18400  	 -3.71083 	 11.18789
306.97200  	 -3.70611 	 11.17040
306.76000  	 -3.70141 	 11.15291
306.54800  	 -3.69669 	 11.13553
306.33700  	 -3.69198 	 11.11804
306.12600  	 -3.68728 	 11.10056
305.91500  	 -3.68256 	 11.08318
305.70400  	 -3.67786 	 11.06569
305.49400  	 -3.67315 	 11.04821
305.28400  	 -3.66843 	 11.03083
305.07400  	 -3.66372 	 11.01335
304.86500  	 -3.65901 	 10.99588
304.65600  	 -3.65430 	 10.97840
304.44700  	 -3.64959 	 10.96103
304.23900  	 -3.64487 	 10.94355
304.03100  	 -3.64017 	 10.92608
303.82300  	 -3.63546 	 10.90871
303.61500  	 -3.63074 	 10.89123
303.40800  	 -3.62603 	 10.87376
303.20000  	 -3.62132 	 10.85639
302.99400  	 -3.61661 	 10.83893
302.78700  	 -3.61190 	 10.82146
302.58100  	 -3.60718 	 10.80409
302.37500  	 -3.60247 	 10.78663
302.16900  	 -3.59776 	 10.76916
301.96400  	 -3.59304 	 10.75180
301.75900  	 -3.58833 	 10.73434
301.55400  	 -3.58362 	 10.71688
301.34900  	 -3.57890 	 10.69941
301.14500  	 -3.57419 	 10.68206
300.94100  	 -3.56947 	 10.66460
300.73700  	 -3.56476 	 10.64714
300.53400  	 -3.56005 	 10.62978
300.33100  	 -3.55533 	 10.61233
300.12800  	 -3.55062 	 10.59487
299.92500  	 -3.54591 	 10.57752
299.72300  	 -3.54119 	 10.56007
299.52100  	 -3.53648 	 10.54261
299.31900  	 -3.53177 	 10.52526
299.11700  	 -3.52705 	 10.50781
298.91600  	 -3.52234 	 10.49036
298.71500  	 -3.51762 	 10.47292
298.51400  	 -3.51291 	 10.45557
298.31400  	 -3.50819 	 10.43812
298.11400  	 -3.50347 	 10.42068
297.91400  	 -3.49876 	 10.40333
297.71400  	 -3.49405 	 10.38589
297.51500  	 -3.48933 	 10.36845
297.31500  	 -3.48461 	 10.35110
297.11700  	 -3.47989 	 10.33366
296.91800  	 -3.47518 	 10.31622
296.72000  	 -3.47047 	 10.29889
296.52200  	 -3.46574 	 10.28145
296.32400  	 -3.46103 	 10.26401
296.12600  	 -3.45632 	 10.24657
295.92900  	 -3.45160 	 10.22924
295.73200  	 -3.44688 	 10.21180
295.53500  	 -3.44217 	 10.19437
295.33900  	 -3.43745 	 10.17704
295.14300  	 -3.43273 	 10.15961
294.94700  	 -3.42801 	 10.14221
294.75100  	 -3.42329 	 10.12481
294.55500  	 -3.41858 	 10.10741
294.36000  	 -3.41386 	 10.09001
294.16500  	 -3.40914 	 10.07262
293.97100  	 -3.40443 	 10.05522
293.77600  	 -3.39970 	 10.03783
293.58200  	 -3.39499 	 10.02043
293.38800  	 -3.39026 	 10.00304
293.19500  	 -3.38555 	  9.98565
293.00100  	 -3.38084 	  9.96825
292.80800  	 -3.37611 	  9.95086
292.61500  	 -3.37140 	  9.93347
292.42300  	 -3.36668 	  9.91608
292.23000  	 -3.36195 	  9.89869
292.03800  	 -3.35724 	  9.88131
291.84600  	 -3.35251 	  9.86393
291.65500  	 -3.34780 	  9.84654
291.46300  	 -3.34308 	  9.82915
291.27200  	 -3.33836 	  9.81177
291.08100  	 -3.33364 	  9.79439
290.89100  	 -3.32892 	  9.77700
290.70000  	 -3.32420 	  9.75962
290.51000  	 -3.31948 	  9.74224
290.32000  	 -3.31477 	  9.72486
290.13100  	 -3.31004 	  9.70748
289.94100  	 -3.30532 	  9.69011
289.75200  	 -3.30060 	  9.67273
289.56300  	 -3.29588 	  9.65535
289.37500  	 -3.29116 	  9.63798
289.18600  	 -3.28643 	  9.62060
288.99800  	 -3.28172 	  9.60322
288.81000  	 -3.27700 	  9.58585
288.62300  	 -3.27227 	  9.56848
288.43500  	 -3.26756 	  9.55110
288.24800  	 -3.26283 	  9.53373
288.06100  	 -3.25811 	  9.51637
287.87400  	 -3.25339 	  9.49900
287.68800  	 -3.24866 	  9.48163
287.50200  	 -3.24395 	  9.46426
287.31600  	 -3.23923 	  9.44689
287.13000  	 -3.23450 	  9.42953
286.94500  	 -3.22978 	  9.41216
286.76000  	 -3.22506 	  9.39479
286.57500  	 -3.22033 	  9.37743
286.39000  	 -3.21562 	  9.36006
286.20500  	 -3.21089 	  9.34270
286.02100  	 -3.20617 	  9.32535
285.83700  	 -3.20145 	  9.30799
285.65300  	 -3.19672 	  9.29062
285.47000  	 -3.19200 	  9.27326
285.28600  	 -3.18728 	  9.25590
285.10300  	 -3.18255 	  9.23854
284.92000  	 -3.17783 	  9.22119
284.73800  	 -3.17310 	  9.20383
284.55500  	 -3.16838 	  9.18647
284.37300  	 -3.16366 	  9.16912
284.19100  	 -3.15893 	  9.15176
284.00900  	 -3.15421 	  9.13441
283.82800  	 -3.14949 	  9.11706
283.64700  	 -3.14476 	  9.09971
283.46600  	 -3.14004 	  9.08236
283.28500  	 -3.13532 	  9.06500
283.10400  	 -3.13059 	  9.04765
282.92400  	 -3.12587 	  9.03030
282.74400  	 -3.12114 	  9.01295
282.56400  	 -3.11642 	  8.99560
282.38500  	 -3.11170 	  8.97826
282.20500  	 -3.10697 	  8.96091
282.02600  	 -3.10225 	  8.94357
281.84700  	 -3.09753 	  8.92622
281.66800  	 -3.09280 	  8.90888
281.49000  	 -3.08808 	  8.89153
281.31200  	 -3.08334 	  8.87419
281.13400  	 -3.07862 	  8.85685
280.95600  	 -3.07390 	  8.83950
280.77800  	 -3.06917 	  8.82216
280.60100  	 -3.06445 	  8.80482
280.42400  	 -3.05973 	  8.78748
280.24700  	 -3.05500 	  8.77014
280.07000  	 -3.05027 	  8.75281
279.89400  	 -3.04555 	  8.73547
279.71700  	 -3.04082 	  8.71813
279.54100  	 -3.03610 	  8.70080
279.36600  	 -3.03136 	  8.68346
279.19000  	 -3.02664 	  8.66612
279.01500  	 -3.02192 	  8.64879
278.84000  	 -3.01719 	  8.63145
278.66500  	 -3.01246 	  8.61412
278.49000  	 -3.00774 	  8.59679
278.31500  	 -3.00301 	  8.57945
278.14100  	 -2.99829 	  8.56213
277.96700  	 -2.99355 	  8.54480
277.79300  	 -2.98883 	  8.52747
277.62000  	 -2.98411 	  8.51014
277.44600  	 -2.97937 	  8.49281
277.27300  	 -2.97465 	  8.47548
277.10000  	 -2.96993 	  8.45815
276.92700  	 -2.96519 	  8.44082
276.75500  	 -2.96047 	  8.42350
276.58300  	 -2.95575 	  8.40617
276.41000  	 -2.95101 	  8.38885
276.23900  	 -2.94629 	  8.37153
276.06700  	 -2.94156 	  8.35421
275.89500  	 -2.93683 	  8.33688
275.72400  	 -2.93211 	  8.31956
275.55300  	 -2.92737 	  8.30224
275.38200  	 -2.92265 	  8.28492
275.21200  	 -2.91792 	  8.26760
275.04100  	 -2.91319 	  8.25027
274.87100  	 -2.90847 	  8.23295
274.70100  	 -2.90373 	  8.21563
274.53100  	 -2.89901 	  8.19832
274.36200  	 -2.89428 	  8.18101
274.19300  	 -2.88955 	  8.16369
274.02300  	 -2.88482 	  8.14637
273.85400  	 -2.88010 	  8.12906
273.68600  	 -2.87536 	  8.11174
273.51700  	 -2.87064 	  8.09443
273.34900  	 -2.86591 	  8.07711
273.18100  	 -2.86118 	  8.05980
273.01300  	 -2.85645 	  8.04248
272.84500  	 -2.85172 	  8.02517
272.67800  	 -2.84699 	  8.00786
272.51000  	 -2.84227 	  7.99056
272.34300  	 -2.83753 	  7.97325
272.17700  	 -2.83280 	  7.95594
272.01000  	 -2.82808 	  7.93863
271.84300  	 -2.82334 	  7.92132
271.67700  	 -2.81862 	  7.90401
271.51100  	 -2.81388 	  7.88670
271.34500  	 -2.80915 	  7.86939
271.18000  	 -2.80443 	  7.85209
271.01400  	 -2.79969 	  7.83478
270.84900  	 -2.79497 	  7.81748
270.68400  	 -2.79024 	  7.80018
270.51900  	 -2.78550 	  7.78288
270.35400  	 -2.78078 	  7.76557
270.19000  	 -2.77605 	  7.74827
270.02600  	 -2.77131 	  7.73097
269.86200  	 -2.76659 	  7.71366
269.69800  	 -2.76185 	  7.69636
269.53400  	 -2.75712 	  7.67906
269.37100  	 -2.75240 	  7.66176
269.20800  	 -2.74766 	  7.64446
269.04400  	 -2.74293 	  7.62716
268.88200  	 -2.73821 	  7.60987
268.71900  	 -2.73347 	  7.59257
268.55700  	 -2.72874 	  7.57527
268.39400  	 -2.72400 	  7.55798
268.23200  	 -2.71928 	  7.54068
268.07000  	 -2.71455 	  7.52338
267.90900  	 -2.70981 	  7.50609
267.74700  	 -2.70508 	  7.48879
267.58600  	 -2.70036 	  7.47150
267.42500  	 -2.69562 	  7.45420
267.26400  	 -2.69089 	  7.43691
267.10300  	 -2.68616 	  7.41963
266.94300  	 -2.68143 	  7.40234
266.78200  	 -2.67670 	  7.38504
266.62200  	 -2.67196 	  7.36775
266.46200  	 -2.66723 	  7.35046
266.30300  	 -2.66250 	  7.33317
266.14300  	 -2.65777 	  7.31588
265.98400  	 -2.65304 	  7.29859
265.82500  	 -2.64831 	  7.28130
265.66600  	 -2.64357 	  7.26401
265.50700  	 -2.63884 	  7.24673
265.34800  	 -2.63410 	  7.22945
265.19000  	 -2.62937 	  7.21216
265.03200  	 -2.62465 	  7.19488
264.87400  	 -2.61991 	  7.17759
264.71600  	 -2.61518 	  7.16031
264.55800  	 -2.61045 	  7.14302
264.40100  	 -2.60571 	  7.12574
264.24300  	 -2.60098 	  7.10845
264.08600  	 -2.59625 	  7.09117
263.92900  	 -2.59151 	  7.07389
263.77300  	 -2.58678 	  7.05661
263.61600  	 -2.58204 	  7.03933
263.46000  	 -2.57732 	  7.02205
263.30400  	 -2.57259 	  7.00477
263.14800  	 -2.56785 	  6.98749
262.99200  	 -2.56312 	  6.97021
262.83600  	 -2.55839 	  6.95293
262.68100  	 -2.55365 	  6.93565
262.52600  	 -2.54892 	  6.91838
262.37000  	 -2.54418 	  6.90110
262.21600  	 -2.53945 	  6.88382
262.06100  	 -2.53472 	  6.86654
261.90600  	 -2.52998 	  6.84928
261.75200  	 -2.52525 	  6.83200
261.59800  	 -2.52052 	  6.81473
261.44400  	 -2.51578 	  6.79745
261.29000  	 -2.51105 	  6.78018
261.13700  	 -2.50631 	  6.76290
260.98300  	 -2.50158 	  6.74563
260.83000  	 -2.49685 	  6.72836
260.67700  	 -2.49211 	  6.71109
260.52400  	 -2.48738 	  6.69381
260.37100  	 -2.48265 	  6.67654
260.21900  	 -2.47791 	  6.65928
260.06600  	 -2.47318 	  6.64201
259.91400  	 -2.46844 	  6.62474
259.76200  	 -2.46370 	  6.60747
259.61000  	 -2.45897 	  6.59020
259.45900  	 -2.45423 	  6.57293
259.30700  	 -2.44950 	  6.55566
259.15600  	 -2.44477 	  6.53840
259.00500  	 -2.44003 	  6.52113
258.85400  	 -2.43530 	  6.50386
258.70300  	 -2.43057 	  6.48660
258.55300  	 -2.42583 	  6.46934
258.40200  	 -2.42110 	  6.45208
258.25200  	 -2.41635 	  6.43481
258.10200  	 -2.41162 	  6.41755
257.95200  	 -2.40689 	  6.40028
257.80200  	 -2.40215 	  6.38302
257.65300  	 -2.39742 	  6.36576
257.50400  	 -2.39269 	  6.34849
257.35400  	 -2.38795 	  6.33123
257.20500  	 -2.38321 	  6.31397
257.05700  	 -2.37848 	  6.29671
256.90800  	 -2.37374 	  6.27946
256.75900  	 -2.36901 	  6.26219
256.61100  	 -2.36427 	  6.24494
256.46300  	 -2.35953 	  6.22768
256.31500  	 -2.35480 	  6.21042
256.16700  	 -2.35006 	  6.19316
256.02000  	 -2.34533 	  6.17590
255.87200  	 -2.34060 	  6.15864
255.72500  	 -2.33585 	  6.14138
255.57800  	 -2.33112 	  6.12413
255.43100  	 -2.32638 	  6.10687
255.28400  	 -2.32165 	  6.08962
255.13700  	 -2.31692 	  6.07237
254.99100  	 -2.31217 	  6.05511
254.84500  	 -2.30744 	  6.03786
254.69800  	 -2.30271 	  6.02060
254.55200  	 -2.29797 	  6.00335
254.40700  	 -2.29323 	  5.98610
254.26100  	 -2.28850 	  5.96884
254.11600  	 -2.28376 	  5.95159
253.97000  	 -2.27902 	  5.93434
253.82500  	 -2.27428 	  5.91708
253.68000  	 -2.26955 	  5.89984
253.53500  	 -2.26482 	  5.88259
253.39100  	 -2.26007 	  5.86534
253.24600  	 -2.25534 	  5.84809
253.10200  	 -2.25061 	  5.83084
252.95800  	 -2.24586 	  5.81359
252.81400  	 -2.24113 	  5.79634
252.67000  	 -2.23639 	  5.77909
252.52700  	 -2.23165 	  5.76185
252.38300  	 -2.22692 	  5.74460
252.24000  	 -2.22218 	  5.72735
252.09700  	 -2.21744 	  5.71011
251.95400  	 -2.21271 	  5.69287
251.81100  	 -2.20797 	  5.67562
251.66800  	 -2.20323 	  5.65837
251.52600  	 -2.19850 	  5.64113
251.38300  	 -2.19376 	  5.62388
251.24100  	 -2.18902 	  5.60664
251.09900  	 -2.18428 	  5.58939
250.95700  	 -2.17955 	  5.57215
250.81600  	 -2.17481 	  5.55491
250.67400  	 -2.17007 	  5.53767
250.53300  	 -2.16533 	  5.52043
250.39100  	 -2.16060 	  5.50319
250.25000  	 -2.15586 	  5.48595
250.11000  	 -2.15112 	  5.46870
249.96900  	 -2.14638 	  5.45146
249.82800  	 -2.14164 	  5.43422
249.68800  	 -2.13691 	  5.41698
249.54800  	 -2.13217 	  5.39974
249.40700  	 -2.12743 	  5.38250
249.26700  	 -2.12270 	  5.36526
249.12800  	 -2.11795 	  5.34803
248.98800  	 -2.11322 	  5.33079
248.84900  	 -2.10848 	  5.31356
248.70900  	 -2.10374 	  5.29632
248.57000  	 -2.09900 	  5.27908
248.43100  	 -2.09426 	  5.26184
248.29200  	 -2.08953 	  5.24461
248.15300  	 -2.08479 	  5.22737
248.01500  	 -2.08005 	  5.21014
247.87700  	 -2.07591 	  5.20633
247.73800  	 -2.07185 	  5.20414
247.60000  	 -2.06778 	  5.20195
247.46200  	 -2.06371 	  5.19976
247.32500  	 -2.05964 	  5.19758
247.18700  	 -2.05558 	  5.19540
247.04900  	 -2.05151 	  5.19321
246.91200  	 -2.04745 	  5.19103
246.77500  	 -2.04338 	  5.18885
246.63800  	 -2.03932 	  5.18666
246.50100  	 -2.03524 	  5.18447
246.36400  	 -2.03118 	  5.18229
246.22800  	 -2.02711 	  5.18011
246.09100  	 -2.02305 	  5.17793
245.95500  	 -2.01898 	  5.17575
245.81900  	 -2.01492 	  5.17357
245.68300  	 -2.01084 	  5.17139
245.54700  	 -2.00677 	  5.16920
245.41200  	 -2.00271 	  5.16702
245.27600  	 -1.99864 	  5.16484
245.14100  	 -1.99458 	  5.16266
245.00600  	 -1.99051 	  5.16049
244.87100  	 -1.98645 	  5.15831
244.73600  	 -1.98237 	  5.15613
244.60100  	 -1.97831 	  5.15394
244.46600  	 -1.97424 	  5.15177
244.33200  	 -1.97017 	  5.14959
244.19700  	 -1.96611 	  5.14741
244.06300  	 -1.96204 	  5.14524
243.92900  	 -1.95797 	  5.14306
243.79500  	 -1.95390 	  5.14089
243.66200  	 -1.94983 	  5.13870
243.52800  	 -1.94577 	  5.13653
243.39500  	 -1.94170 	  5.13436
243.26100  	 -1.93764 	  5.13218
243.12800  	 -1.93357 	  5.13001
242.99500  	 -1.92949 	  5.12784
242.86200  	 -1.92543 	  5.12566
242.73000  	 -1.92136 	  5.12349
242.59700  	 -1.91730 	  5.12131
242.46500  	 -1.91323 	  5.11914
242.33200  	 -1.90916 	  5.11696
242.20000  	 -1.90509 	  5.11479
242.06800  	 -1.90102 	  5.11262
241.93700  	 -1.89695 	  5.11045
241.80500  	 -1.89289 	  5.10828
241.67300  	 -1.88882 	  5.10610
241.54200  	 -1.88475 	  5.10393
241.41100  	 -1.88069 	  5.10177
241.27900  	 -1.87661 	  5.09960
241.14800  	 -1.87254 	  5.09743
241.01800  	 -1.86848 	  5.09526
240.88700  	 -1.86441 	  5.09309
240.75600  	 -1.86034 	  5.09091
240.62600  	 -1.85628 	  5.08875
240.49600  	 -1.85220 	  5.08658
240.36600  	 -1.84813 	  5.08441
240.23600  	 -1.84407 	  5.08225
240.10600  	 -1.84000 	  5.08008
239.97600  	 -1.83593 	  5.07792
239.84600  	 -1.83186 	  5.07575
239.71700  	 -1.82779 	  5.07358
239.58800  	 -1.82372 	  5.07141
239.45900  	 -1.81965 	  5.06925
239.33000  	 -1.81559 	  5.06708
239.20100  	 -1.81152 	  5.06492
239.07200  	 -1.80745 	  5.06276
238.94300  	 -1.80338 	  5.06059
238.81500  	 -1.79931 	  5.05842
238.68700  	 -1.79524 	  5.05626
238.55800  	 -1.79117 	  5.05410
238.43000  	 -1.78711 	  5.05193
238.30200  	 -1.78406 	  5.04923
238.17500  	 -1.78133 	  5.04636
238.04700  	 -1.77860 	  5.04350
237.92000  	 -1.77588 	  5.04063
237.79200  	 -1.77315 	  5.03776
237.66500  	 -1.77042 	  5.03489
237.53800  	 -1.76769 	  5.03202
237.41100  	 -1.76496 	  5.02916
237.28400  	 -1.76224 	  5.02629
237.15700  	 -1.75951 	  5.02342
237.03100  	 -1.75678 	  5.02055
236.90500  	 -1.75405 	  5.01770
236.77800  	 -1.75133 	  5.01483
236.65200  	 -1.74860 	  5.01196
236.52600  	 -1.74587 	  5.00909
236.40000  	 -1.74314 	  5.00624
236.27500  	 -1.74041 	  5.00337
236.14900  	 -1.73769 	  5.00050
236.02300  	 -1.73496 	  4.99764
235.89800  	 -1.73223 	  4.99478
235.77300  	 -1.72950 	  4.99191
235.64800  	 -1.72677 	  4.98905
235.52300  	 -1.72405 	  4.98618
235.39800  	 -1.72132 	  4.98333
235.27300  	 -1.71859 	  4.98046
235.14900  	 -1.71586 	  4.97760
235.02400  	 -1.71312 	  4.97474
234.90000  	 -1.71039 	  4.97187
234.77600  	 -1.70767 	  4.96902
234.65200  	 -1.70494 	  4.96616
234.52800  	 -1.70221 	  4.96329
234.40400  	 -1.69948 	  4.96043
234.28100  	 -1.69675 	  4.95758
234.15700  	 -1.69402 	  4.95472
234.03400  	 -1.69130 	  4.95186
233.91100  	 -1.68857 	  4.94899
233.78800  	 -1.68584 	  4.94614
233.66500  	 -1.68311 	  4.94328
233.54200  	 -1.68038 	  4.94042
233.41900  	 -1.67765 	  4.93756
233.29600  	 -1.67492 	  4.93471
233.17400  	 -1.67219 	  4.93185
233.05200  	 -1.66947 	  4.92899
232.92900  	 -1.66674 	  4.92613
232.80700  	 -1.66401 	  4.92327
232.68500  	 -1.66128 	  4.92042
232.56400  	 -1.65855 	  4.91757
232.44200  	 -1.65582 	  4.91471
232.32000  	 -1.65309 	  4.91185
232.19900  	 -1.65036 	  4.90900
232.07800  	 -1.64763 	  4.90615
231.95600  	 -1.64491 	  4.90329
231.83500  	 -1.64218 	  4.90043
231.71400  	 -1.63945 	  4.89758
231.59400  	 -1.63672 	  4.89473
231.47300  	 -1.63399 	  4.89187
231.35200  	 -1.63126 	  4.88902
231.23200  	 -1.62853 	  4.88617
231.11200  	 -1.62580 	  4.88332
230.99100  	 -1.62307 	  4.88046
230.87100  	 -1.62034 	  4.87761
230.75200  	 -1.61761 	  4.87476
230.63200  	 -1.61488 	  4.87191
230.51200  	 -1.61215 	  4.86905
230.39200  	 -1.60943 	  4.86620
230.27300  	 -1.60670 	  4.86335
230.15400  	 -1.60397 	  4.86050
230.03500  	 -1.60124 	  4.85765
229.91600  	 -1.59851 	  4.85480
229.79700  	 -1.59578 	  4.85195
229.67800  	 -1.59305 	  4.84910
229.55900  	 -1.59044 	  4.84686
229.44100  	 -1.58807 	  4.84577
229.32200  	 -1.58571 	  4.84469
229.20400  	 -1.58334 	  4.84360
229.08600  	 -1.58097 	  4.84251
228.96700  	 -1.57861 	  4.84142
228.85000  	 -1.57624 	  4.84033
228.73200  	 -1.57387 	  4.83925
228.61400  	 -1.57151 	  4.83816
228.49600  	 -1.56914 	  4.83708
228.37900  	 -1.56677 	  4.83600
228.26200  	 -1.56441 	  4.83491
228.14400  	 -1.56204 	  4.83383
228.02700  	 -1.55967 	  4.83274
227.91000  	 -1.55731 	  4.83166
227.79300  	 -1.55494 	  4.83057
227.67700  	 -1.55258 	  4.82949
227.56000  	 -1.55021 	  4.82841
227.44300  	 -1.54784 	  4.82732
227.32700  	 -1.54548 	  4.82624
227.21100  	 -1.54311 	  4.82515
227.09500  	 -1.54074 	  4.82408
226.97900  	 -1.53838 	  4.82299
226.86300  	 -1.53601 	  4.82191
226.74700  	 -1.53364 	  4.82083
226.63100  	 -1.53128 	  4.81974
226.51600  	 -1.52891 	  4.81867
226.40000  	 -1.52654 	  4.81758
226.28500  	 -1.52418 	  4.81651
226.17000  	 -1.52181 	  4.81542
226.05500  	 -1.51944 	  4.81435
225.94000  	 -1.51708 	  4.81326
225.82500  	 -1.51471 	  4.81218
225.71000  	 -1.51234 	  4.81110
225.59500  	 -1.50998 	  4.81002
225.48100  	 -1.50761 	  4.80895
225.36600  	 -1.50524 	  4.80786
225.25200  	 -1.50288 	  4.80679
225.13800  	 -1.50051 	  4.80571
225.02400  	 -1.49813 	  4.80462
224.91000  	 -1.49577 	  4.80355
224.79600  	 -1.49340 	  4.80247
224.68300  	 -1.49103 	  4.80140
224.56900  	 -1.48867 	  4.80032
224.45500  	 -1.48630 	  4.79924
224.34200  	 -1.48393 	  4.79816
224.22900  	 -1.48157 	  4.79708
224.11600  	 -1.47920 	  4.79601
224.00300  	 -1.47684 	  4.79493
223.89000  	 -1.47447 	  4.79386
223.77700  	 -1.47210 	  4.79278
223.66400  	 -1.46974 	  4.79171
223.55200  	 -1.46737 	  4.79063
223.43900  	 -1.46499 	  4.78955
223.32700  	 -1.46263 	  4.78848
223.21500  	 -1.46026 	  4.78740
223.10300  	 -1.45789 	  4.78633
222.99100  	 -1.45553 	  4.78526
222.87900  	 -1.45316 	  4.78419
222.76700  	 -1.45079 	  4.78311
222.65500  	 -1.44843 	  4.78204
222.54400  	 -1.44606 	  4.78096
222.43200  	 -1.44369 	  4.77989
222.32100  	 -1.44132 	  4.77882
222.21000  	 -1.43895 	  4.77774
222.09900  	 -1.43658 	  4.77667
221.98800  	 -1.43422 	  4.77560
221.87700  	 -1.43185 	  4.77453
221.76600  	 -1.42948 	  4.77346
221.65600  	 -1.42712 	  4.77238
221.54500  	 -1.42475 	  4.77131
221.43500  	 -1.42237 	  4.77024
221.32400  	 -1.42062 	  4.76907
221.21400  	 -1.41915 	  4.76786
221.10400  	 -1.41767 	  4.76664
220.99400  	 -1.41620 	  4.76543
220.88400  	 -1.41472 	  4.76421
220.77400  	 -1.41325 	  4.76299
220.66500  	 -1.41176 	  4.76177
220.55500  	 -1.41029 	  4.76056
220.44600  	 -1.40881 	  4.75935
220.33600  	 -1.40734 	  4.75813
220.22700  	 -1.40586 	  4.75692
220.11800  	 -1.40439 	  4.75571
220.00900  	 -1.40291 	  4.75449
219.90000  	 -1.40143 	  4.75328
219.79100  	 -1.39995 	  4.75207
219.68200  	 -1.39848 	  4.75086
219.57400  	 -1.39700 	  4.74964
219.46500  	 -1.39553 	  4.74843
219.35700  	 -1.39405 	  4.74722
219.24900  	 -1.39257 	  4.74601
219.14100  	 -1.39109 	  4.74480
219.03300  	 -1.38962 	  4.74359
218.92500  	 -1.38814 	  4.74238
218.81700  	 -1.38667 	  4.74116
218.70900  	 -1.38518 	  4.73995
218.60100  	 -1.38371 	  4.73874
218.49400  	 -1.38224 	  4.73753
218.38600  	 -1.38076 	  4.73632
218.27900  	 -1.37929 	  4.73510
218.17200  	 -1.37781 	  4.73389
218.06500  	 -1.37633 	  4.73269
217.95800  	 -1.37485 	  4.73148
217.85100  	 -1.37338 	  4.73027
217.74400  	 -1.37190 	  4.72906
217.63700  	 -1.37043 	  4.72785
217.53100  	 -1.36894 	  4.72664
217.42400  	 -1.36747 	  4.72543
217.31800  	 -1.36599 	  4.72422
217.21200  	 -1.36452 	  4.72302
217.10600  	 -1.36304 	  4.72181
217.00000  	 -1.36156 	  4.72060
216.89400  	 -1.36008 	  4.71940
216.78800  	 -1.35861 	  4.71819
216.68200  	 -1.35713 	  4.71698
216.57600  	 -1.35565 	  4.71577
216.47100  	 -1.35417 	  4.71457
216.36500  	 -1.35270 	  4.71336
216.26000  	 -1.35122 	  4.71216
216.15500  	 -1.34975 	  4.71095
216.05000  	 -1.34826 	  4.70974
215.94500  	 -1.34679 	  4.70854
215.84000  	 -1.34532 	  4.70732
215.73500  	 -1.34384 	  4.70612
215.63000  	 -1.34236 	  4.70491
215.52600  	 -1.34088 	  4.70371
215.42100  	 -1.33941 	  4.70250
215.31700  	 -1.33793 	  4.70130
215.21200  	 -1.33645 	  4.70009
215.10800  	 -1.33497 	  4.69889
215.00400  	 -1.33350 	  4.69769
214.90000  	 -1.33202 	  4.69648
214.79600  	 -1.33054 	  4.69528
214.69200  	 -1.32906 	  4.69408
214.58900  	 -1.32759 	  4.69287
214.48500  	 -1.32611 	  4.69167
214.38200  	 -1.32463 	  4.69047
214.27800  	 -1.32315 	  4.68926
214.17500  	 -1.32168 	  4.68806
214.07200  	 -1.32020 	  4.68686
213.96800  	 -1.31872 	  4.68566
213.86500  	 -1.31724 	  4.68445
213.76300  	 -1.31622 	  4.68304
213.66000  	 -1.31599 	  4.68126
213.55700  	 -1.31576 	  4.67949
213.45400  	 -1.31553 	  4.67771
213.35200  	 -1.31530 	  4.67594
213.24900  	 -1.31507 	  4.67416
213.14700  	 -1.31484 	  4.67239
213.04500  	 -1.31461 	  4.67061
212.94300  	 -1.31438 	  4.66884
212.84100  	 -1.31415 	  4.66706
212.73900  	 -1.31392 	  4.66529
212.63700  	 -1.31369 	  4.66351
212.53500  	 -1.31345 	  4.66174
212.43400  	 -1.31323 	  4.65996
212.33200  	 -1.31300 	  4.65819
212.23100  	 -1.31276 	  4.65641
212.12900  	 -1.31253 	  4.65464
212.02800  	 -1.31231 	  4.65286
211.92700  	 -1.31208 	  4.65109
211.82600  	 -1.31184 	  4.64931
211.72500  	 -1.31161 	  4.64754
211.62400  	 -1.31139 	  4.64577
211.52300  	 -1.31115 	  4.64400
211.42300  	 -1.31092 	  4.64222
211.32200  	 -1.31069 	  4.64045
211.22200  	 -1.31046 	  4.63868
211.12100  	 -1.31023 	  4.63691
211.02100  	 -1.31000 	  4.63514
210.92100  	 -1.30976 	  4.63336
210.82100  	 -1.30953 	  4.63160
210.72100  	 -1.30931 	  4.62982
210.62100  	 -1.30908 	  4.62805
210.52100  	 -1.30884 	  4.62628
210.42100  	 -1.30861 	  4.62451
210.32100  	 -1.30839 	  4.62274
210.22200  	 -1.30815 	  4.62097
210.12200  	 -1.30792 	  4.61919
210.02300  	 -1.30769 	  4.61743
209.92400  	 -1.30746 	  4.61565
209.82500  	 -1.30723 	  4.61389
209.72600  	 -1.30700 	  4.61211
209.62700  	 -1.30676 	  4.61035
209.52800  	 -1.30654 	  4.60857
209.42900  	 -1.30631 	  4.60681
209.33000  	 -1.30607 	  4.60503
209.23200  	 -1.30584 	  4.60327
209.13300  	 -1.30562 	  4.60150
209.03500  	 -1.30538 	  4.59973
208.93700  	 -1.30515 	  4.59796
208.83800  	 -1.30491 	  4.59619
208.74000  	 -1.30469 	  4.59442
208.64200  	 -1.30446 	  4.59266
208.54400  	 -1.30422 	  4.59088
208.44600  	 -1.30399 	  4.58912
208.34900  	 -1.30377 	  4.58735
208.25100  	 -1.30353 	  4.58559
208.15300  	 -1.30330 	  4.58381
208.05600  	 -1.30307 	  4.58205
207.95800  	 -1.30284 	  4.58028
207.86100  	 -1.30261 	  4.57852
207.76400  	 -1.30238 	  4.57675
207.66700  	 -1.30214 	  4.57498
207.57000  	 -1.30192 	  4.57321
207.47300  	 -1.30168 	  4.57145
207.37600  	 -1.30145 	  4.56969
207.27900  	 -1.30122 	  4.56792
207.18300  	 -1.30099 	  4.56616
207.08600  	 -1.30076 	  4.56439
206.98900  	 -1.30053 	  4.56262
206.89300  	 -1.30029 	  4.56085
206.79700  	 -1.30007 	  4.55909
206.70000  	 -1.29983 	  4.55732
206.60400  	 -1.29960 	  4.55556
206.50800  	 -1.29937 	  4.55378
206.41200  	 -1.29913 	  4.55200
206.31600  	 -1.29889 	  4.55023
206.22100  	 -1.29865 	  4.54846
206.12500  	 -1.29842 	  4.54668
206.02900  	 -1.29819 	  4.54491
205.93400  	 -1.29794 	  4.54313
205.83800  	 -1.29771 	  4.54135
205.74300  	 -1.29747 	  4.53958
205.64800  	 -1.29724 	  4.53780
205.55300  	 -1.29700 	  4.53602
205.45800  	 -1.29676 	  4.53424
205.36300  	 -1.29653 	  4.53248
205.26800  	 -1.29629 	  4.53070
205.17300  	 -1.29605 	  4.52892
205.07800  	 -1.29582 	  4.52715
204.98400  	 -1.29558 	  4.52537
204.88900  	 -1.29535 	  4.52360
204.79500  	 -1.29511 	  4.52183
204.70000  	 -1.29487 	  4.52005
204.60600  	 -1.29464 	  4.51828
204.51200  	 -1.29440 	  4.51651
204.41800  	 -1.29417 	  4.51473
204.32400  	 -1.29392 	  4.51296
204.23000  	 -1.29369 	  4.51119
204.13600  	 -1.29345 	  4.50941
204.04200  	 -1.29322 	  4.50764
203.94800  	 -1.29298 	  4.50587
203.85500  	 -1.29274 	  4.50409
203.76100  	 -1.29251 	  4.50232
203.66800  	 -1.29227 	  4.50054
203.57500  	 -1.29203 	  4.49878
203.48100  	 -1.29180 	  4.49700
203.38800  	 -1.29156 	  4.49523
203.29500  	 -1.29133 	  4.49346
203.20200  	 -1.29108 	  4.49169
203.10900  	 -1.29085 	  4.48991
203.01600  	 -1.29061 	  4.48815
202.92400  	 -1.29038 	  4.48637
202.83100  	 -1.29013 	  4.48460
202.73800  	 -1.28990 	  4.48283
202.64600  	 -1.28967 	  4.48106
202.55300  	 -1.28943 	  4.47929
202.46100  	 -1.28920 	  4.47752
202.36900  	 -1.28895 	  4.47575
202.27700  	 -1.28872 	  4.47397
202.18500  	 -1.28848 	  4.47221
202.09300  	 -1.28825 	  4.47044
202.00100  	 -1.28800 	  4.46866
201.90900  	 -1.28777 	  4.46689
201.81700  	 -1.28754 	  4.46513
201.72600  	 -1.28730 	  4.46336
201.63400  	 -1.28706 	  4.46158
201.54300  	 -1.28682 	  4.45982
201.45100  	 -1.28659 	  4.45805
201.36000  	 -1.28635 	  4.45628
201.26900  	 -1.28611 	  4.45451
201.17800  	 -1.28587 	  4.45274
201.08600  	 -1.28564 	  4.45097
200.99500  	 -1.28540 	  4.44921
200.90500  	 -1.28516 	  4.44744
200.81400  	 -1.28493 	  4.44566
200.72300  	 -1.28469 	  4.44390
200.63200  	 -1.28446 	  4.44213
200.54200  	 -1.28421 	  4.44036
200.45100  	 -1.28398 	  4.43859
200.36100  	 -1.28374 	  4.43683
200.27100  	 -1.28351 	  4.43506
200.18000  	 -1.28326 	  4.43329
200.09000  	 -1.28303 	  4.43153
200.00000  	 -1.28279 	  4.42976
