  80.000000 6.357198 1.239528
  80.000000 6.371969 1.242318
  80.000000 6.386754 1.245109
  80.000000 6.401548 1.247900
  80.000000 6.416355 1.250692
  80.000000 6.431163 1.253482
  80.000000 6.445979 1.256273
  80.000000 6.460808 1.259064
  80.000000 6.475534 1.261855
  80.000000 6.490227 1.264647
  80.000000 6.504922 1.267438
  80.000000 6.519619 1.270229
  80.000000 6.534324 1.273020
  80.000000 6.549036 1.275811
  80.000000 6.563749 1.278602
  80.000000 6.578469 1.281393
  80.000000 6.593195 1.284184
  80.000000 6.607928 1.286975
  80.000000 6.622666 1.289766
  80.000000 6.637404 1.292557
  80.000000 6.652153 1.295348
  80.000000 6.666908 1.298139
  80.000000 6.681667 1.300930
  80.000000 6.696431 1.303721
  80.000000 6.711206 1.306512
  80.000000 6.725984 1.309303
  80.000000 6.740766 1.312094
  80.000000 6.755558 1.314885
  80.000000 6.770353 1.317676
  80.000000 6.785158 1.320467
  80.000000 6.799965 1.323258
  80.000000 6.814781 1.326049
  80.000000 6.829605 1.328840
  80.000000 6.844439 1.331632
  80.000000 6.859273 1.334422
  80.000000 6.874115 1.337213
  80.000000 6.888973 1.340005
  80.000000 6.903831 1.342796
  80.000000 6.918696 1.345587
  80.000000 6.933568 1.348377
  80.000000 6.948446 1.351168
  80.000000 6.963339 1.353959
  80.000000 6.978238 1.356751
  80.000000 6.993144 1.359542
  80.000000 7.008055 1.362332
  80.000000 7.022979 1.365124
  80.000000 7.037908 1.367915
  80.000000 7.052843 1.370705
  80.000000 7.067798 1.373497
  80.000000 7.082749 1.376288
  80.000000 7.097713 1.379078
  80.000000 7.112689 1.381870
  80.000000 7.127677 1.384661
  80.000000 7.142669 1.387452
  80.000000 7.157654 1.390243
  80.000000 7.172548 1.393034
  80.000000 7.187442 1.395824
  80.000000 7.202352 1.398616
  80.000000 7.217262 1.401406
  80.000000 7.232188 1.404198
  80.000000 7.247112 1.406989
  80.000000 7.262051 1.409780
  80.000000 7.276998 1.412572
  80.000000 7.291942 1.415362
  80.000000 7.306901 1.418153
  80.000000 7.321875 1.420945
  80.000000 7.336846 1.423735
  80.000000 7.351831 1.426526
  80.000000 7.366821 1.429317
  80.000000 7.381825 1.432109
  80.000000 7.396834 1.434900
  80.000000 7.411848 1.437690
  80.000000 7.426875 1.440482
  80.000000 7.441906 1.443272
  80.000000 7.456950 1.446063
  80.000000 7.472006 1.448854
  80.000000 7.487066 1.451645
  80.000000 7.502138 1.454436
  80.000000 7.517223 1.457227
  80.000000 7.532319 1.460019
  80.000000 7.547419 1.462810
  80.000000 7.562530 1.465601
  80.000000 7.577653 1.468392
  80.000000 7.592786 1.471183
  80.000000 7.607923 1.473973
  80.000000 7.623079 1.476764
  80.000000 7.638246 1.479556
  80.000000 7.653424 1.482347
  80.000000 7.668613 1.485139
  80.000000 7.683812 1.487930
  80.000000 7.699022 1.490721
  80.000000 7.714242 1.493511
  80.000000 7.729473 1.496301
  80.000000 7.744722 1.499093
  80.000000 7.759982 1.501884
  80.000000 7.775252 1.504675
  80.000000 7.790541 1.507466
  80.000000 7.805807 1.510257
  80.000000 7.820914 1.513048
  80.000000 7.836036 1.515839
  80.000000 7.851161 1.518630
  80.000000 7.866301 1.521421
  80.000000 7.881444 1.524212
  80.000000 7.896602 1.527004
  80.000000 7.911762 1.529794
  80.000000 7.926937 1.532585
  80.000000 7.942125 1.535377
  80.000000 7.957316 1.538167
  80.000000 7.972519 1.540959
  80.000000 7.987735 1.543750
  80.000000 8.002955 1.546540
  80.000000 8.018186 1.549331
  80.000000 8.033430 1.552122
  80.000000 8.048686 1.554914
  80.000000 8.063955 1.557705
  80.000000 8.079225 1.560495
  80.000000 8.094517 1.563287
  80.000000 8.109811 1.566077
  80.000000 8.125127 1.568869
  80.000000 8.140445 1.571660
  80.000000 8.155783 1.574452
  80.000000 8.171123 1.577242
  80.000000 8.186485 1.580034
  80.000000 8.201848 1.582823
  80.000000 8.217231 1.585615
  80.000000 8.232626 1.588406
  80.000000 8.248033 1.591197
  80.000000 8.263460 1.593989
  80.000000 8.278887 1.596779
  80.000000 8.294337 1.599571
  80.000000 8.309797 1.602361
  80.000000 8.325267 1.605152
  80.000000 8.340758 1.607943
  80.000000 8.356260 1.610734
  80.000000 8.371784 1.613526
  80.000000 8.387318 1.616317
  80.000000 8.402862 1.619108
  80.000000 8.418428 1.621899
  80.000000 8.434004 1.624690
  80.000000 8.449601 1.627482
  80.000000 8.465208 1.630272
  80.000000 8.480837 1.633064
  80.000000 8.496477 1.635854
  80.000000 8.512138 1.638645
  80.000000 8.527658 1.641435
  80.000000 8.543091 1.644226
  80.000000 8.558540 1.647017
  80.000000 8.574005 1.649809
  80.000000 8.589473 1.652600
  80.000000 8.604956 1.655391
  80.000000 8.620455 1.658183
  80.000000 8.635957 1.660973
  80.000000 8.651474 1.663764
  80.000000 8.667006 1.666555
  80.000000 8.682553 1.669346
  80.000000 8.698115 1.672138
  80.000000 8.713680 1.674928
  80.000000 8.729272 1.677720
  80.000000 8.744866 1.680510
  80.000000 8.760475 1.683300
  80.000000 8.776112 1.686093
  80.000000 8.791750 1.688884
  80.000000 8.807403 1.691674
  80.000000 8.823070 1.694465
  80.000000 8.838752 1.697255
  80.000000 8.854461 1.700048
  80.000000 8.870171 1.702838
  80.000000 8.885897 1.705628
  80.000000 8.901649 1.708420
  80.000000 8.917415 1.711212
  80.000000 8.933196 1.714004
  80.000000 8.948979 1.716792
  80.000000 8.964801 1.719585
  80.000000 8.980625 1.722376
  80.000000 8.996478 1.725168
  80.000000 9.012332 1.727957
  80.000000 9.028225 1.730750
  80.000000 9.044120 1.733540
  80.000000 9.060042 1.736332
  80.000000 9.075966 1.739121
  80.000000 9.091931 1.741914
  80.000000 9.107898 1.744703
  80.000000 9.123892 1.747494
  80.000000 9.139915 1.750287
  80.000000 9.155952 1.753078
  80.000000 9.172004 1.755869
  80.000000 9.188072 1.758658
  80.000000 9.204017 1.761449
  80.000000 9.219882 1.764241
  80.000000 9.235757 1.767032
  80.000000 9.251641 1.769822
  80.000000 9.267550 1.772613
  80.000000 9.283480 1.775405
  80.000000 9.299419 1.778196
  80.000000 9.315382 1.780988
  80.000000 9.331353 1.783778
  80.000000 9.347347 1.786570
  80.000000 9.363350 1.789360
  80.000000 9.379378 1.792150
  80.000000 9.395427 1.794942
  80.000000 9.411500 1.797735
  80.000000 9.427581 1.800526
  80.000000 9.443675 1.803315
  80.000000 9.459803 1.806107
  80.000000 9.475941 1.808898
  80.000000 9.492104 1.811689
  80.000000 9.508289 1.814481
  80.000000 9.524484 1.817271
  80.000000 9.540702 1.820061
  80.000000 9.556946 1.822852
  80.000000 9.573213 1.825643
  80.000000 9.589503 1.828435
  80.000000 9.605806 1.831225
  80.000000 9.622145 1.834018
  80.000000 9.638495 1.836808
  80.000000 9.654869 1.839599
  80.000000 9.671270 1.842390
  80.000000 9.687695 1.845181
  80.000000 9.704144 1.847973
  80.000000 9.720604 1.850762
  80.000000 9.737107 1.853554
  80.000000 9.753634 1.856345
  80.000000 9.770186 1.859137
  80.000000 9.786753 1.861927
  80.000000 9.803358 1.864719
  80.000000 9.819990 1.867510
  80.000000 9.836634 1.870299
  80.000000 9.853323 1.873091
  80.000000 9.870037 1.875883
  80.000000 9.886778 1.878674
  80.000000 9.903362 1.881465
  80.000000 9.919847 1.884256
  80.000000 9.936352 1.887046
  80.000000 9.952893 1.889839
  80.000000 9.969442 1.892629
  80.000000 9.986025 1.895421
  80.000000 10.002613 1.898209
  80.000000 10.019238 1.901001
  80.000000 10.035902 1.903794
  80.000000 10.052570 1.906584
  80.000000 10.069259 1.909373
  80.000000 10.085985 1.912165
  80.000000 10.102732 1.914956
  80.000000 10.119521 1.917749
  80.000000 10.136313 1.920539
  80.000000 10.153143 1.923330
  80.000000 10.169996 1.926121
  80.000000 10.186875 1.928911
  80.000000 10.203789 1.931703
  80.000000 10.220726 1.934494
  80.000000 10.237686 1.937284
  80.000000 10.254690 1.940076
  80.000000 10.271714 1.942866
  80.000000 10.288778 1.945659
  80.000000 10.305849 1.948448
  80.000000 10.322978 1.951241
  80.000000 10.340120 1.954031
  80.000000 10.357298 1.956822
  80.000000 10.374519 1.959615
  80.000000 10.391748 1.962403
  80.000000 10.409040 1.965196
  80.000000 10.426354 1.967988
  80.000000 10.443695 1.970778
  80.000000 10.461063 1.973567
  80.000000 10.478495 1.976361
  80.000000 10.495934 1.979150
  80.000000 10.513417 1.981940
  80.000000 10.530945 1.984732
  80.000000 10.548506 1.987522
  80.000000 10.566109 1.990314
  80.000000 10.583758 1.993107
  80.000000 10.601419 1.995895
  80.000000 10.619145 1.998688
  80.000000 10.636906 2.001479
  80.000000 10.654710 2.004271
  80.000000 10.672546 2.007062
  80.000000 10.690421 2.009853
  80.000000 10.708108 2.012643
  80.000000 10.725840 2.015434
  80.000000 10.743617 2.018225
  80.000000 10.761421 2.021015
  80.000000 10.779272 2.023806
  80.000000 10.797168 2.026598
  80.000000 10.815094 2.029388
  80.000000 10.833067 2.032179
  80.000000 10.851087 2.034970
  80.000000 10.869155 2.037763
  80.000000 10.887254 2.040554
  80.000000 10.905404 2.043345
  80.000000 10.923601 2.046137
  80.000000 10.941831 2.048927
  80.000000 10.960111 2.051717
  80.000000 10.978442 2.054508
  80.000000 10.996826 2.057300
  80.000000 11.015243 2.060090
  80.000000 11.033713 2.062880
  80.000000 11.052255 2.065674
  80.000000 11.070815 2.068462
  80.000000 11.089446 2.071254
  80.000000 11.108134 2.074047
  80.000000 11.126860 2.076837
  80.000000 11.145641 2.079627
  80.000000 11.164481 2.082418
  80.000000 11.183378 2.085209
  80.000000 11.202334 2.088001
  80.000000 11.221349 2.090793
  80.000000 11.240405 2.093582
  80.000000 11.259541 2.096375
  80.000000 11.278720 2.099165
  80.000000 11.297961 2.101955
  80.000000 11.317265 2.104746
  80.000000 11.336633 2.107536
  80.000000 11.356084 2.110331
  80.000000 11.375583 2.113122
  80.000000 11.395128 2.115909
  80.000000 11.414759 2.118701
  80.000000 11.434457 2.121492
  80.000000 11.454225 2.124284
  80.000000 11.474063 2.127076
  80.000000 11.493918 2.129867
  80.000000 11.512850 2.132659
  80.000000 11.531804 2.135447
  80.000000 11.550822 2.138238
  80.000000 11.569882 2.141030
  80.000000 11.588985 2.143821
  80.000000 11.608130 2.146612
  80.000000 11.627318 2.149404
  80.000000 11.646550 2.152194
  80.000000 11.665824 2.154985
  80.000000 11.685142 2.157775
  80.000000 11.704524 2.160569
  80.000000 11.723927 2.163359
  80.000000 11.743375 2.166148
  80.000000 11.762886 2.168941
  80.000000 11.782439 2.171733
  80.000000 11.802016 2.174522
  80.000000 11.821656 2.177313
  80.000000 11.841338 2.180104
  80.000000 11.861063 2.182895
  80.000000 11.880851 2.185688
  80.000000 11.900662 2.188478
  80.000000 11.920535 2.191270
  80.000000 11.940427 2.194058
  80.000000 11.960384 2.196850
  80.000000 11.980380 2.199640
  80.000000 12.000438 2.202434
  80.000000 12.020516 2.205223
  80.000000 12.040653 2.208016
  80.000000 12.060831 2.210807
  80.000000 12.081047 2.213598
  80.000000 12.101299 2.216387
  80.000000 12.121612 2.219180
  80.000000 12.141959 2.221972
  80.000000 12.162342 2.224763
  80.000000 12.182761 2.227553
  80.000000 12.203211 2.230342
  80.000000 12.223717 2.233134
  80.000000 12.244252 2.235925
  80.000000 12.264818 2.238715
  80.000000 12.285435 2.241507
  80.000000 12.306078 2.244299
  80.000000 12.326745 2.247089
  80.000000 12.347460 2.249883
  80.000000 12.368173 2.252670
  80.000000 12.388930 2.255461
  80.000000 12.409725 2.258255
  80.000000 12.430135 2.261043
  80.000000 12.450183 2.263838
  80.000000 12.470205 2.266627
  80.000000 12.490239 2.269419
  80.000000 12.510266 2.272210
  80.000000 12.530281 2.274999
  80.000000 12.550302 2.277791
  80.000000 12.570305 2.280582
  80.000000 12.590312 2.283375
  80.000000 12.610270 2.286162
  80.000000 12.630245 2.288956
  80.000000 12.650168 2.291744
  80.000000 12.670078 2.294535
  80.000000 12.689971 2.297328
  80.000000 12.709823 2.300120
  80.000000 12.729627 2.302910
  80.000000 12.749403 2.305702
  80.000000 12.769122 2.308493
  80.000000 12.788780 2.311281
  80.000000 12.808396 2.314072
  80.000000 12.827965 2.316866
  80.000000 12.847457 2.319657
  80.000000 12.866868 2.322447
  80.000000 12.886212 2.325239
  80.000000 12.905466 2.328029
  80.000000 12.924644 2.330821
  80.000000 12.943715 2.333611
  80.000000 12.962697 2.336404
  80.000000 12.981560 2.339194
  80.000000 13.000322 2.341987
  80.000000 13.018949 2.344777
  80.000000 13.037435 2.347565
  80.000000 13.055823 2.350360
  80.000000 13.074028 2.353148
  80.000000 13.092096 2.355938
  80.000000 13.110015 2.358730
  80.000000 13.127756 2.361520
  80.000000 13.145329 2.364312
  80.000000 13.162707 2.367102
  80.000000 13.179905 2.369894
  80.000000 13.196909 2.372687
  80.000000 13.213693 2.375479
  80.000000 13.230245 2.378267
  80.000000 13.243506 2.381058
  80.000000 13.253280 2.383851
  80.000000 13.262717 2.386641
  80.000000 13.271841 2.389433
  80.000000 13.280628 2.392222
  80.000000 13.289115 2.395013
  80.000000 13.297304 2.397806
  80.000000 13.305177 2.400596
  80.000000 13.312764 2.403388
  80.000000 13.320054 2.406177
  80.000000 13.327080 2.408969
  80.000000 13.333848 2.411761
  80.000000 13.340351 2.414551
  80.000000 13.346624 2.417343
  80.000000 13.352652 2.420132
  80.000000 13.358505 2.422927
  80.000000 13.364119 2.425714
  80.000000 13.369586 2.428508
  80.000000 13.374869 2.431299
  80.000000 13.380017 2.434091
  80.000000 13.385018 2.436880
  80.000000 13.389913 2.439671
  80.000000 13.394728 2.442463
  80.000000 13.399453 2.445252
  80.000000 13.404132 2.448043
  80.000000 13.408790 2.450835
  80.000000 13.413417 2.453624
  80.000000 13.418087 2.456419
  80.000000 13.422738 2.459206
  80.000000 13.427475 2.461999
  80.000000 13.432264 2.464789
  80.000000 13.437146 2.467581
  80.000000 13.442147 2.470373
  80.000000 13.447255 2.473162
  80.000000 13.452513 2.475953
  80.000000 13.457943 2.478745
  80.000000 13.463561 2.481538
  80.000000 13.469351 2.484327
  80.000000 13.475355 2.487118
  80.000000 13.481590 2.489910
  80.000000 13.488040 2.492698
  80.000000 13.494766 2.495493
  80.000000 13.501728 2.498284
  80.000000 13.510734 2.501076
  80.000000 13.521648 2.503864
  80.000000 13.532694 2.506653
  80.000000 13.543905 2.509449
  80.000000 13.555195 2.512235
  80.000000 13.566642 2.515028
  80.000000 13.578224 2.517822
  80.000000 13.589907 2.520611
  80.000000 13.601721 2.523402
  80.000000 13.613665 2.526194
  80.000000 13.625707 2.528982
  80.000000 13.637905 2.531775
  80.000000 13.650201 2.534565
  80.000000 13.662621 2.537356
  80.000000 13.675165 2.540147
  80.000000 13.687829 2.542940
  80.000000 13.700588 2.545728
  80.000000 13.713496 2.548522
  80.000000 13.726492 2.551312
  80.000000 13.739606 2.554103
  80.000000 13.752836 2.556895
  80.000000 13.766179 2.559687
  80.000000 13.779608 2.562475
  80.000000 13.793177 2.565269
  80.000000 13.806829 2.568059
  80.000000 13.820590 2.570849
  80.000000 13.834458 2.573640
  80.000000 13.848434 2.576432
  80.000000 13.862516 2.579224
  80.000000 13.876672 2.582012
  80.000000 13.890961 2.584806
  80.000000 13.905322 2.587595
  80.000000 13.919783 2.590384
  80.000000 13.934373 2.593180
  80.000000 13.949031 2.595971
  80.000000 13.963788 2.598762
  80.000000 13.978610 2.601549
  80.000000 13.993556 2.604341
  80.000000 14.008596 2.607134
  80.000000 14.023698 2.609922
  80.000000 14.038922 2.612716
  80.000000 14.054208 2.615505
  80.000000 14.069580 2.618294
  80.000000 14.085073 2.621090
  80.000000 14.100621 2.623880
  80.000000 14.116257 2.626670
  80.000000 14.131979 2.629461
  80.000000 14.148826 2.632252
  80.000000 14.165791 2.635044
  80.000000 14.182793 2.637836
  80.000000 14.199804 2.640623
  80.000000 14.216882 2.643415
  80.000000 14.233999 2.646208
  80.000000 14.251154 2.649001
  80.000000 14.268318 2.651788
  80.000000 14.285551 2.654582
  80.000000 14.302794 2.657370
  80.000000 14.320108 2.660163
  80.000000 14.337430 2.662952
  80.000000 14.354824 2.665746
  80.000000 14.372228 2.668534
  80.000000 14.389704 2.671328
  80.000000 14.407191 2.674117
  80.000000 14.424719 2.676906
  80.000000 14.442320 2.679700
  80.000000 14.459933 2.682489
  80.000000 14.477620 2.685283
  80.000000 14.495319 2.688072
  80.000000 14.513061 2.690861
  80.000000 14.530880 2.693655
  80.000000 14.548711 2.696444
  80.000000 14.566618 2.699238
  80.000000 14.584538 2.702026
  80.000000 14.602536 2.704820
  80.000000 14.620548 2.707608
  80.000000 14.638637 2.710402
  80.000000 14.656743 2.713190
  80.000000 14.674927 2.715983
  80.000000 14.693159 2.718777
  80.000000 14.711406 2.721564
  80.000000 14.729735 2.724357
  80.000000 14.748113 2.727149
  80.000000 14.766507 2.729935
  80.000000 14.784985 2.732727
  80.000000 14.803512 2.735519
  80.000000 14.822092 2.738310
  80.000000 14.840722 2.741101
  80.000000 14.859404 2.743891
  80.000000 14.878139 2.746682
  80.000000 14.896960 2.749477
  80.000000 14.914980 2.752267
  80.000000 14.932981 2.755055
  80.000000 14.951053 2.757850
  80.000000 14.969124 2.760638
  80.000000 14.987265 2.763431
  80.000000 15.005442 2.766224
  80.000000 15.023621 2.769011
  80.000000 15.041869 2.771802
  80.000000 15.060156 2.774594
  80.000000 15.078477 2.777384
  80.000000 15.096837 2.780175
  80.000000 15.115266 2.782970
  80.000000 15.133699 2.785759
  80.000000 15.152172 2.788547
  80.000000 15.170715 2.791341
  80.000000 15.189296 2.794134
  80.000000 15.207883 2.796920
  80.000000 15.226542 2.799712
  80.000000 15.245242 2.802502
  80.000000 15.264014 2.805299
  80.000000 15.282792 2.808088
  80.000000 15.301611 2.810877
  80.000000 15.320505 2.813671
  80.000000 15.339404 2.816457
  80.000000 15.358381 2.819250
  80.000000 15.377398 2.822041
  80.000000 15.396459 2.824831
  80.000000 15.415560 2.827621
  80.000000 15.434740 2.830416
  80.000000 15.453929 2.833204
  80.000000 15.473195 2.835997
  80.000000 15.492505 2.838789
  80.000000 15.511861 2.841580
  80.000000 15.531261 2.844370
  80.000000 15.550707 2.847159
  80.000000 15.570233 2.849954
  80.000000 15.589769 2.852741
  80.000000 15.609389 2.855533
  80.000000 15.629054 2.858325
  80.000000 15.648767 2.861115
  80.000000 15.668566 2.863910
  80.000000 15.688375 2.866698
  80.000000 15.708272 2.869491
  80.000000 15.728215 2.872283
  80.000000 15.748209 2.875074
  80.000000 15.768255 2.877864
  80.000000 15.788319 2.880652
  80.000000 15.808414 2.883445
  80.000000 15.828554 2.886238
  80.000000 15.848736 2.889029
  80.000000 15.868966 2.891819
  80.000000 15.889240 2.894607
  80.000000 15.909599 2.897401
  80.000000 15.930006 2.900193
  80.000000 15.950458 2.902984
  80.000000 15.970960 2.905773
  80.000000 15.991511 2.908561
  80.000000 16.012147 2.911355
  80.000000 16.032835 2.914147
  80.000000 16.053573 2.916937
  80.000000 16.074361 2.919726
  80.000000 16.095240 2.922520
  80.000000 16.116172 2.925313
  80.000000 16.137155 2.928104
  80.000000 16.158194 2.930894
  80.000000 16.179287 2.933681
  80.000000 16.200471 2.936475
  80.000000 16.221714 2.939266
  80.000000 16.243013 2.942056
  80.000000 16.264367 2.944844
  80.000000 16.285821 2.947638
  80.000000 16.307333 2.950429
  80.000000 16.328902 2.953219
  80.000000 16.350574 2.956015
  80.000000 16.372265 2.958801
  80.000000 16.394060 2.961593
  80.000000 16.415918 2.964383
  80.000000 16.437875 2.967178
  80.000000 16.459862 2.969964
  80.000000 16.481953 2.972756
  80.000000 16.504147 2.975552
  80.000000 16.526372 2.978340
  80.000000 16.548706 2.981133
  80.000000 16.571105 2.983924
  80.000000 16.593578 2.986713
  80.000000 16.616162 2.989507
  80.000000 16.638775 2.992292
  80.000000 16.661545 2.995090
  80.000000 16.684349 2.997878
  80.000000 16.707317 3.000671
  80.000000 16.730445 3.003462
  80.000000 16.753652 3.006252
  80.000000 16.776941 3.009039
  80.000000 16.800353 3.011831
  80.000000 16.823849 3.014621
  80.000000 16.847472 3.017416
  80.000000 16.871139 3.020202
  80.000000 16.894936 3.022993
  80.000000 16.918862 3.025789
  80.000000 16.942839 3.028576
  80.000000 16.966944 3.031367
  80.000000 16.991188 3.034164
  80.000000 17.015486 3.036951
  80.000000 17.039922 3.039743
  80.000000 17.064456 3.042533
  80.000000 17.089132 3.045328
  80.000000 17.113867 3.048113
  80.000000 17.138747 3.050903
  80.000000 17.163774 3.053699
  80.000000 17.188907 3.056492
  80.000000 17.214148 3.059282
  80.000000 17.239499 3.062070
  80.000000 17.265005 3.064863
  80.000000 17.290624 3.067654
  80.000000 17.316359 3.070442
  80.000000 17.342255 3.073235
  80.000000 17.368270 3.076026
  80.000000 17.394407 3.078814
  80.000000 17.420711 3.081607
  80.000000 17.447141 3.084397
  80.000000 17.473743 3.087193
  80.000000 17.500432 3.089978
  80.000000 17.527297 3.092768
  80.000000 17.554342 3.095564
  80.000000 17.581524 3.098356
  80.000000 17.608846 3.101146
  80.000000 17.636311 3.103933
  80.000000 17.663966 3.106726
  80.000000 17.691769 3.109515
  80.000000 17.719767 3.112310
  80.000000 17.747918 3.115101
  80.000000 17.776226 3.117890
  80.000000 17.803955 3.120684
  80.000000 17.830592 3.123475
  80.000000 17.857343 3.126263
  80.000000 17.884256 3.129056
  80.000000 17.911286 3.131846
  80.000000 17.938488 3.134641
  80.000000 17.965760 3.137425
  80.000000 17.993246 3.140222
  80.000000 18.020813 3.143009
  80.000000 18.048554 3.145800
  80.000000 18.076471 3.148596
  80.000000 18.104475 3.151381
  80.000000 18.132705 3.154179
  80.000000 18.161034 3.156966
  80.000000 18.189541 3.159758
  80.000000 18.218190 3.162546
  80.000000 18.247030 3.165340
  80.000000 18.276017 3.168130
  80.000000 18.305153 3.170918
  80.000000 18.334489 3.173710
  80.000000 18.364026 3.176507
  80.000000 18.393675 3.179293
  80.000000 18.423539 3.182083
  80.000000 18.453606 3.184879
  80.000000 18.483840 3.187671
  80.000000 18.514243 3.190460
  80.000000 18.544819 3.193246
  80.000000 18.575667 3.196044
  80.000000 18.606646 3.198831
  80.000000 18.637855 3.201623
  80.000000 18.669260 3.204412
  80.000000 18.700894 3.207206
  80.000000 18.732721 3.209996
  80.000000 18.764793 3.212790
  80.000000 18.797018 3.215573
  80.000000 18.829545 3.218370
  80.000000 18.862281 3.221162
  80.000000 18.895229 3.223952
  80.000000 18.928453 3.226746
  80.000000 18.961889 3.229536
  80.000000 18.995551 3.232323
  80.000000 19.029492 3.235115
  80.000000 19.063669 3.237903
  80.000000 19.098135 3.240696
  80.000000 19.132845 3.243485
  80.000000 19.167856 3.246279
  80.000000 19.203131 3.249069
  80.000000 19.238103 3.251864
  80.000000 19.273187 3.254656
  80.000000 19.308519 3.257443
  80.000000 19.344156 3.260236
  80.000000 19.380051 3.263024
  80.000000 19.416261 3.265818
  80.000000 19.452740 3.268607
  80.000000 19.489545 3.271402
  80.000000 19.526630 3.274192
  80.000000 19.564001 3.276979
  80.000000 19.601716 3.279770
  80.000000 19.639780 3.282566
  80.000000 19.678097 3.285349
  80.000000 19.716828 3.288146
  80.000000 19.755877 3.290939
  80.000000 19.795250 3.293728
  80.000000 19.835006 3.296522
  80.000000 19.875100 3.299311
  80.000000 19.915539 3.302097
  80.000000 19.956384 3.304887
  80.000000 19.997643 3.307682
  80.000000 20.039271 3.310473
  80.000000 20.081275 3.313260
  80.000000 20.123717 3.316051
  80.000000 20.166608 3.318847
  80.000000 20.209901 3.321639
  80.000000 20.253606 3.324427
  80.000000 20.297786 3.327219
  80.000000 20.342397 3.330007
  80.000000 20.387503 3.332800
  80.000000 20.433061 3.335589
  80.000000 20.479134 3.338382
  80.000000 20.525681 3.341171
  80.000000 20.572766 3.343964
  80.000000 20.620347 3.346753
  80.000000 20.668490 3.349547
  80.000000 20.717152 3.352337
  80.000000 20.766402 3.355131
  80.000000 20.816198 3.357921
  80.000000 20.866607 3.360715
  80.000000 20.917589 3.363505
  80.000000 20.969157 3.366290
  80.000000 21.021383 3.369080
  80.000000 21.072167 3.371875
  80.000000 21.123070 3.374665
  80.000000 21.174563 3.377459
  80.000000 21.226648 3.380249
  80.000000 21.279314 3.383035
  80.000000 21.332693 3.385834
  80.000000 21.386625 3.388620
  80.000000 21.441240 3.391410
  80.000000 21.496556 3.394204
  80.000000 21.552527 3.396994
  80.000000 21.609232 3.399789
  80.000000 21.666626 3.402578
  80.000000 21.724726 3.405363
  80.000000 21.783645 3.408162
  80.000000 21.843272 3.410947
  80.000000 21.903721 3.413736
  80.000000 21.965013 3.416530
  80.000000 22.027106 3.419319
  80.000000 22.090081 3.422113
  80.000000 22.153901 3.424901
  80.000000 22.218647 3.427695
  80.000000 22.284282 3.430483
  80.000000 22.350890 3.433276
  80.000000 22.418497 3.436073
  80.000000 22.486969 3.438856
  80.000000 22.556586 3.441653
  80.000000 22.627216 3.444445
  80.000000 22.698887 3.447232
  80.000000 22.771689 3.450023
  80.000000 22.845655 3.452819
  80.000000 22.920748 3.455610
  80.000000 22.997001 3.458396
  80.000000 23.074510 3.461186
  80.000000 23.153307 3.463981
  80.000000 23.233363 3.466770
  80.000000 23.314736 3.469564
  80.000000 23.397482 3.472353
  80.000000 23.481659 3.475146
  80.000000 23.567242 3.477934
  80.000000 23.654338 3.480727
  80.000000 23.742918 3.483514
  80.000000 23.833093 3.486305
  80.000000 23.924909 3.489102
  80.000000 24.018338 3.491892
  80.000000 24.113428 3.494678
  80.000000 24.210294 3.497468
  80.000000 24.310369 3.500262
  80.000000 24.416399 3.503051
  80.000000 24.524699 3.505844
  80.000000 24.635165 3.508632
  80.000000 24.748040 3.511424
  80.000000 24.863288 3.514221
  80.000000 24.981022 3.517012
  80.000000 25.101202 3.519798
  80.000000 25.224092 3.522588
  80.000000 25.349649 3.525383
  80.000000 25.478004 3.528172
  80.000000 25.609180 3.530965
  80.000000 25.743315 3.533753
  80.000000 25.880429 3.536545
  80.000000 26.020737 3.539341
  80.000000 26.164106 3.542132
  80.000000 26.310753 3.544917
  80.000000 26.460682 3.547707
  80.000000 26.614114 3.550500
  80.000000 26.770885 3.553289
  80.000000 26.931288 3.556081
  80.000000 27.095215 3.558878
  80.000000 27.262794 3.561669
  80.000000 27.433886 3.564454
  80.000000 27.608754 3.567244
  80.000000 27.787220 3.570037
  80.000000 27.969356 3.572825
  80.000000 28.155006 3.575618
  80.000000 28.344271 3.578414
  80.000000 28.536755 3.581205
  80.000000 28.732482 3.583990
  80.000000 28.931201 3.586789
  80.000000 29.132576 3.589572
  80.000000 29.336301 3.592370
  80.000000 29.541969 3.595162
  80.000000 29.748837 3.597947
  80.000000 29.956563 3.600737
  80.000000 30.164114 3.603532
  80.000000 30.370754 3.606320
  80.000000 30.575212 3.609112
  80.000000 30.776499 3.611909
  80.000000 30.972789 3.614699
  80.000000 31.162678 3.617484
  80.000000 31.350001 3.620272
  80.000000 31.547579 3.623065
  80.000000 31.740225 3.625862
  80.000000 31.926268 3.628653
  80.000000 32.104095 3.631438
  80.000000 32.271918 3.634238
  80.000000 32.427221 3.637020
  80.000000 32.568064 3.639817
  80.000000 32.691758 3.642609
  80.000000 32.795639 3.645393
  80.000000 32.877143 3.648193
  80.000000 32.933372 3.650975
  80.000000 32.961872 3.653773
  80.000000 32.960143 3.656563
  80.000000 32.925925 3.659348
  80.000000 32.857737 3.662147
  80.000000 32.754450 3.664929
  80.000000 32.615732 3.667727
  80.000000 32.442161 3.670517
  80.000000 32.235534 3.673312
  80.000000 31.997863 3.676100
  80.000000 31.733221 3.678893
  80.000000 31.445841 3.681678
  80.000000 31.140968 3.684468
  80.000000 30.824334 3.687262
  80.000000 30.501553 3.690050
  80.000000 30.178308 3.692842
  80.000000 29.859447 3.695637
  80.000000 29.548782 3.698426
  80.000000 29.249234 3.701220
  80.000000 28.962258 3.704006
  80.000000 28.688416 3.706797
  80.000000 28.427323 3.709592
  80.000000 28.177883 3.712380
  80.000000 27.938916 3.715172
  80.000000 27.708982 3.717968
  80.000000 27.486616 3.720758
  80.000000 27.270645 3.723540
  80.000000 27.060178 3.726338
  80.000000 26.854265 3.729129
  80.000000 26.652337 3.731924
  80.000000 26.453829 3.734711
  80.000000 26.258515 3.737503
  80.000000 25.989148 3.740288
  80.000000 25.543335 3.743078
  80.000000 25.127393 3.745871
  80.000000 24.738440 3.748668
  80.000000 24.374040 3.751459
  80.000000 24.032196 3.754242
  80.000000 23.711370 3.757040
  80.000000 23.409972 3.759832
  80.000000 23.126773 3.762616
  80.000000 22.860834 3.765415
  80.000000 22.611045 3.768196
  80.000000 22.376790 3.770993
  80.000000 22.157253 3.773782
  80.000000 21.951858 3.776575
  80.000000 21.760007 3.779361
  80.000000 21.581311 3.782163
  80.000000 21.415105 3.784945
  80.000000 21.261137 3.787744
  80.000000 21.118819 3.790534
  80.000000 20.987713 3.793318
  80.000000 20.867466 3.796117
  80.000000 20.757482 3.798908
  80.000000 20.657245 3.801692
  80.000000 20.566297 3.804480
  80.000000 20.484096 3.807273
  80.000000 20.410083 3.810069
  80.000000 20.343634 3.812857
  80.000000 20.284250 3.815650
  80.000000 20.231323 3.818435
  80.000000 20.184442 3.821236
  80.000000 20.142905 3.824018
  80.000000 20.106420 3.826815
  80.000000 20.074405 3.829605
  80.000000 20.046501 3.832398
  80.000000 20.022255 3.835184
  80.000000 20.001376 3.837974
  80.000000 19.983534 3.840768
  80.000000 19.968374 3.843554
  80.000000 19.955754 3.846356
  80.000000 19.945248 3.849138
  80.000000 19.936824 3.851937
  80.000000 19.930167 3.854727
  80.000000 19.925104 3.857510
  80.000000 19.921596 3.860308
  80.000000 19.919390 3.863099
  80.000000 19.918416 3.865893
  80.000000 19.918502 3.868680
  80.000000 19.929176 3.871470
  80.000000 19.943812 3.874265
  80.000000 19.958243 3.877051
  80.000000 19.972547 3.879842
  80.000000 19.986728 3.882636
  80.000000 20.000735 3.885422
  80.000000 20.014643 3.888213
  80.000000 20.028455 3.891007
  80.000000 20.042119 3.893793
  80.000000 20.055707 3.896583
  80.000000 20.069223 3.899378
  80.000000 20.082674 3.902176
  80.000000 20.096009 3.904966
  80.000000 20.109288 3.907759
  80.000000 20.122460 3.910545
  80.000000 20.135593 3.913335
  80.000000 20.148688 3.916128
  80.000000 20.161689 3.918913
  80.000000 20.174730 3.921715
  80.000000 20.187618 3.924495
  80.000000 20.200553 3.927292
  80.000000 20.213408 3.930081
  80.000000 20.226256 3.932873
  80.000000 20.239092 3.935670
  80.000000 20.251859 3.938458
  80.000000 20.264627 3.941250
  80.000000 20.277330 3.944033
  80.000000 20.290099 3.946833
  80.000000 20.302811 3.949624
  80.000000 20.315464 3.952406
  80.000000 20.328191 3.955206
  80.000000 20.340868 3.957996
  80.000000 20.353490 3.960778
  80.000000 20.366192 3.963576
  80.000000 20.378848 3.966366
  80.000000 20.391520 3.969159
  80.000000 20.404145 3.971944
  80.000000 20.416794 3.974732
  80.000000 20.429462 3.977525
  80.000000 20.442152 3.980321
  80.000000 20.454804 3.983109
  80.000000 20.467478 3.985901
  80.000000 20.480178 3.988696
  80.000000 20.494741 3.991483
  80.000000 20.509969 3.994273
  80.000000 20.525110 3.997067
  80.000000 20.540095 3.999853
  80.000000 20.555065 4.002655
  80.000000 20.569818 4.005435
  80.000000 20.584563 4.008232
  80.000000 20.599164 4.011020
  80.000000 20.613695 4.013812
  80.000000 20.628154 4.016607
  80.000000 20.642485 4.019394
  80.000000 20.656749 4.022184
  80.000000 20.670956 4.024979
  80.000000 20.685037 4.027764
  80.000000 20.699067 4.030553
  80.000000 20.713043 4.033345
  80.000000 20.726974 4.036142
  80.000000 20.740790 4.038930
  80.000000 20.754566 4.041721
  80.000000 20.768299 4.044516
  80.000000 20.781931 4.047302
  80.000000 20.795526 4.050091
  80.000000 20.809091 4.052885
  80.000000 20.822624 4.055682
  80.000000 20.836065 4.058470
  80.000000 20.849478 4.061262
  80.000000 20.862871 4.064058
  80.000000 20.876176 4.066844
  80.000000 20.889460 4.069634
  80.000000 20.902730 4.072427
  80.000000 20.915914 4.075212
  80.000000 20.929089 4.078000
  80.000000 20.942251 4.080791
  80.000000 20.955407 4.083587
  80.000000 20.968483 4.086373
  80.000000 20.981627 4.089176
  80.000000 20.994625 4.091957
  80.000000 21.007694 4.094754
  80.000000 21.020690 4.097542
  80.000000 21.033689 4.100333
  80.000000 21.046688 4.103129
  80.000000 21.059623 4.105914
  80.000000 21.072560 4.108704
  80.000000 21.085506 4.111497
  80.000000 21.098457 4.114294
  80.000000 21.111348 4.117081
  80.000000 21.124556 4.119872
  80.000000 21.139564 4.122666
  80.000000 21.154502 4.125451
  80.000000 21.169447 4.128240
  80.000000 21.184397 4.131032
  80.000000 21.199348 4.133828
  80.000000 21.214235 4.136614
  80.000000 21.229124 4.139404
  80.000000 21.244022 4.142197
  80.000000 21.258926 4.144994
  80.000000 21.273760 4.147782
  80.000000 21.288603 4.150573
  80.000000 21.303450 4.153367
  80.000000 21.318233 4.156152
  80.000000 21.333024 4.158940
  80.000000 21.347818 4.161732
  80.000000 21.362623 4.164528
  80.000000 21.377363 4.167314
  80.000000 21.392178 4.170117
  80.000000 21.406861 4.172896
  80.000000 21.421621 4.175693
  80.000000 21.436320 4.178479
  80.000000 21.451028 4.181269
  80.000000 21.465740 4.184063
  80.000000 21.480465 4.186861
  80.000000 21.495124 4.189648
  80.000000 21.509796 4.192439
  80.000000 21.524477 4.195233
  80.000000 21.539092 4.198018
  80.000000 21.553719 4.200805
  80.000000 21.568354 4.203597
  80.000000 21.583004 4.206392
  80.000000 21.597664 4.209191
  80.000000 21.612259 4.211980
  80.000000 21.626868 4.214772
  80.000000 21.641416 4.217553
  80.000000 21.656046 4.220353
  80.000000 21.670618 4.223141
  80.000000 21.685199 4.225934
  80.000000 21.699721 4.228716
  80.000000 21.714331 4.231516
  80.000000 21.728876 4.234305
  80.000000 21.743439 4.237098
  80.000000 21.757918 4.239880
  80.000000 21.772375 4.242680
  80.000000 21.786773 4.245469
  80.000000 21.801191 4.248262
  80.000000 21.815547 4.251044
  80.000000 21.829995 4.253845
  80.000000 21.844383 4.256634
  80.000000 21.858791 4.259427
  80.000000 21.873137 4.262209
  80.000000 21.887574 4.265010
  80.000000 21.901953 4.267799
  80.000000 21.916351 4.270592
  80.000000 21.930686 4.273374
  80.000000 21.945113 4.276174
  80.000000 21.959482 4.278964
  80.000000 21.973870 4.281757
  80.000000 21.988195 4.284538
  80.000000 22.002613 4.287339
  80.000000 22.016971 4.290128
  80.000000 22.031349 4.292920
  80.000000 22.045664 4.295702
  80.000000 22.060071 4.298502
  80.000000 22.074423 4.301290
  80.000000 22.088787 4.304082
  80.000000 22.103168 4.306878
  80.000000 22.117488 4.309663
  80.000000 22.131830 4.312451
  80.000000 22.146184 4.315243
  80.000000 22.160554 4.318038
  80.000000 22.174866 4.320822
  80.000000 22.189196 4.323610
  80.000000 22.203539 4.326401
  80.000000 22.217900 4.329195
  80.000000 22.232278 4.331994
  80.000000 22.246597 4.334781
  80.000000 22.260930 4.337571
  80.000000 22.275282 4.340365
  80.000000 22.289570 4.343147
  80.000000 22.303958 4.345949
  80.000000 22.318282 4.348738
  80.000000 22.332621 4.351531
  80.000000 22.346903 4.354313
  80.000000 22.361278 4.357113
  80.000000 22.375650 4.359902
  80.000000 22.390343 4.362694
  80.000000 22.405056 4.365489
  80.000000 22.419705 4.368273
  80.000000 22.434377 4.371061
  80.000000 22.449063 4.373852
  80.000000 22.463773 4.376646
  80.000000 22.478498 4.379445
  80.000000 22.493165 4.382231
  80.000000 22.507848 4.385021
  80.000000 22.522554 4.387814
  80.000000 22.537195 4.390595
  80.000000 22.551939 4.393396
  80.000000 22.566618 4.396184
  80.000000 22.581319 4.398976
  80.000000 22.596039 4.401772
  80.000000 22.610695 4.404555
  80.000000 22.625373 4.407342
  80.000000 22.640066 4.410133
  80.000000 22.654782 4.412927
  80.000000 22.669514 4.415725
  80.000000 22.684187 4.418510
  80.000000 22.698876 4.421299
  80.000000 22.713587 4.424091
  80.000000 22.728313 4.426887
  80.000000 22.742982 4.429671
  80.000000 22.757747 4.432474
  80.000000 22.772452 4.435265
  80.000000 22.787096 4.438043
  80.000000 22.801836 4.440841
  80.000000 22.816518 4.443626
  80.000000 22.831215 4.446415
  80.000000 22.845934 4.449207
  80.000000 22.860669 4.452003
  80.000000 22.875427 4.454802
  80.000000 22.890117 4.457589
  80.000000 22.904831 4.460379
  80.000000 22.919560 4.463173
  80.000000 22.934230 4.465955
  80.000000 22.948997 4.468755
  80.000000 22.963705 4.471544
  80.000000 22.978431 4.474335
  80.000000 22.993173 4.477130
  80.000000 23.007855 4.479913
  80.000000 23.022552 4.482699
  80.000000 23.037356 4.485504
  80.000000 23.052008 4.488281
  80.000000 23.066731 4.491078
  80.000000 23.081446 4.493877
  80.000000 23.096100 4.496664
  80.000000 23.110767 4.499455
  80.000000 23.125454 4.502249
  80.000000 23.140073 4.505030
  80.000000 23.154795 4.507831
  80.000000 23.169456 4.510619
  80.000000 23.184129 4.513410
  80.000000 23.198821 4.516205
  80.000000 23.213446 4.518987
  80.000000 23.228093 4.521772
  80.000000 23.242838 4.524577
  80.000000 23.257517 4.527370
  80.000000 23.272129 4.530149
  80.000000 23.286848 4.532948
  80.000000 23.301495 4.535734
  80.000000 23.316161 4.538523
  80.000000 23.330844 4.541316
  80.000000 23.345550 4.544112
  80.000000 23.360183 4.546895
  80.000000 23.374920 4.549698
  80.000000 23.389590 4.552488
  80.000000 23.404195 4.555265
  80.000000 23.418900 4.558061
  80.000000 23.433622 4.560862
  80.000000 23.448277 4.563648
  80.000000 23.462953 4.566439
  80.000000 23.477644 4.569232
  80.000000 23.492265 4.572012
  80.000000 23.506991 4.574813
  80.000000 23.521652 4.577600
  80.000000 23.536327 4.580390
  80.000000 23.551020 4.583184
  80.000000 23.565730 4.585981
  80.000000 23.580376 4.588765
  80.000000 23.595035 4.591552
  80.000000 23.609712 4.594342
  80.000000 23.624406 4.597136
  80.000000 23.639123 4.599933
  80.000000 23.653765 4.602716
  80.000000 23.668425 4.605503
  80.000000 23.683191 4.608311
  80.000000 23.697255 4.611087
  80.000000 23.711062 4.613884
  80.000000 23.724795 4.616667
  80.000000 23.738629 4.619471
  80.000000 23.752388 4.622261
  80.000000 23.766159 4.625054
  80.000000 23.779853 4.627834
  80.000000 23.793651 4.630634
  80.000000 23.807371 4.633420
  80.000000 23.821105 4.636209
  80.000000 23.834851 4.639002
  80.000000 23.848609 4.641798
  80.000000 23.862291 4.644581
  80.000000 23.876075 4.647384
  80.000000 23.889782 4.650173
  80.000000 23.903502 4.652965
  80.000000 23.917144 4.655743
  80.000000 23.930888 4.658542
  80.000000 23.944555 4.661327
  80.000000 23.958234 4.664115
  80.000000 23.971925 4.666906
  80.000000 23.985629 4.669701
  80.000000 23.999344 4.672499
  80.000000 24.012982 4.675283
  80.000000 24.026632 4.678070
  80.000000 24.040293 4.680861
  80.000000 24.053966 4.683655
  80.000000 24.067653 4.686452
  80.000000 24.081259 4.689235
  80.000000 24.094969 4.692038
  80.000000 24.108599 4.694828
  80.000000 24.122241 4.697621
  80.000000 24.135804 4.700399
  80.000000 24.149471 4.703198
  80.000000 24.163057 4.705983
  80.000000 24.176653 4.708771
  80.000000 24.190263 4.711563
  80.000000 24.203884 4.714357
  80.000000 24.217517 4.717156
  80.000000 24.231069 4.719939
  80.000000 24.244631 4.722726
  80.000000 24.258299 4.725534
  80.000000 24.271792 4.728309
  80.000000 24.285389 4.731106
  80.000000 24.298999 4.733906
  80.000000 24.312525 4.736691
  80.000000 24.326036 4.739479
  80.000000 24.338878 4.742271
  80.000000 24.351728 4.745066
  80.000000 24.364491 4.747846
  80.000000 24.377355 4.750648
  80.000000 24.390132 4.753434
  80.000000 24.402916 4.756224
  80.000000 24.415707 4.759018
  80.000000 24.428506 4.761814
  80.000000 24.441217 4.764596
  80.000000 24.454028 4.767399
  80.000000 24.466752 4.770187
  80.000000 24.479481 4.772978
  80.000000 24.492219 4.775772
  80.000000 24.504868 4.778552
  80.000000 24.517617 4.781353
  80.000000 24.530279 4.784139
  80.000000 24.542946 4.786928
  80.000000 24.555620 4.789720
  80.000000 24.568300 4.792516
  80.000000 24.580891 4.795297
  80.000000 24.593583 4.798099
  80.000000 24.606185 4.800886
  80.000000 24.618793 4.803676
  80.000000 24.631407 4.806469
  80.000000 24.644027 4.809266
  80.000000 24.656556 4.812047
  80.000000 24.669091 4.814831
  80.000000 24.681727 4.817638
  80.000000 24.694273 4.820428
  80.000000 24.706728 4.823204
  80.000000 24.719284 4.826001
  80.000000 24.731846 4.828802
  80.000000 24.744316 4.831587
  80.000000 24.756791 4.834375
  80.000000 24.769271 4.837166
  80.000000 24.781756 4.839961
  80.000000 24.794149 4.842740
  80.000000 24.806643 4.845541
  80.000000 24.819045 4.848327
  80.000000 24.831451 4.851115
  80.000000 24.843862 4.853907
  80.000000 24.856278 4.856702
  80.000000 24.868673 4.859500
  80.000000 24.880531 4.862283
  80.000000 24.892393 4.865068
  80.000000 24.904358 4.867876
  80.000000 24.916231 4.870668
  80.000000 24.928011 4.873444
  80.000000 24.939895 4.876243
  80.000000 24.951685 4.879025
  80.000000 24.963578 4.881830
  80.000000 24.975373 4.884619
  80.000000 24.987178 4.887411
  80.000000 24.998988 4.890206
  80.000000 25.010705 4.892985
  80.000000 25.022525 4.895786
  80.000000 25.034251 4.898572
  80.000000 25.045981 4.901360
  80.000000 25.057717 4.904152
  80.000000 25.069457 4.906947
  80.000000 25.081103 4.909726
  80.000000 25.092850 4.912527
  80.000000 25.104505 4.915312
  80.000000 25.116163 4.918100
  80.000000 25.127826 4.920892
  80.000000 25.139494 4.923686
  80.000000 25.151165 4.926484
  80.000000 25.162741 4.929265
  80.000000 25.174422 4.932069
  80.000000 25.186007 4.934857
  80.000000 25.197596 4.937647
  80.000000 25.209189 4.940441
  80.000000 25.220686 4.943219
  80.000000 25.232287 4.946019
  80.000000 25.243792 4.948802
  80.000000 25.255401 4.951609
  80.000000 25.266914 4.954399
  80.000000 25.278329 4.957172
  80.000000 25.289849 4.959968
  80.000000 25.301374 4.962768
  80.000000 25.312800 4.965550
  80.000000 25.324231 4.968336
  80.000000 25.335767 4.971145
  80.000000 25.347204 4.973937
  80.000000 25.358544 4.976712
  80.000000 25.370032 4.979510
  80.000000 25.382122 4.982292
  80.000000 25.394321 4.985096
  80.000000 25.406425 4.987884
  80.000000 25.418534 4.990675
  80.000000 25.430650 4.993469
  80.000000 25.442773 4.996266
  80.000000 25.454798 4.999046
  80.000000 25.466830 5.001829
  80.000000 25.478971 5.004635
  80.000000 25.491016 5.007424
  80.000000 25.503066 5.010217
  80.000000 25.515020 5.012992
  80.000000 25.527082 5.015791
  80.000000 25.539149 5.018593
  80.000000 25.551120 5.021377
  80.000000 25.563096 5.024165
  80.000000 25.575078 5.026956
  80.000000 25.587067 5.029750
  80.000000 25.599060 5.032547
  80.000000 25.610955 5.035326
  80.000000 25.622959 5.038129
  80.000000 25.634865 5.040915
  80.000000 25.646777 5.043704
  80.000000 25.658694 5.046496
  80.000000 25.670617 5.049291
  80.000000 25.682441 5.052069
  80.000000 25.694374 5.054870
  80.000000 25.706207 5.057654
  80.000000 25.718046 5.060441
  80.000000 25.729890 5.063230
  80.000000 25.741739 5.066023
  80.000000 25.753593 5.068819
  80.000000 25.765452 5.071619
  80.000000 25.777210 5.074400
  80.000000 25.789079 5.077205
  80.000000 25.800848 5.079993
  80.000000 25.812621 5.082784
  80.000000 25.824399 5.085577
  80.000000 25.836076 5.088353
  80.000000 25.847864 5.091153
  80.000000 25.859549 5.093935
  80.000000 25.871346 5.096741
  80.000000 25.883042 5.099529
  80.000000 25.894742 5.102320
  80.000000 25.906446 5.105114
  80.000000 25.918048 5.107891
  80.000000 25.929923 5.110691
  80.000000 25.941873 5.113473
  80.000000 25.953938 5.116280
  80.000000 25.965903 5.119068
  80.000000 25.977880 5.121860
  80.000000 25.989755 5.124633
  80.000000 26.001745 5.127430
  80.000000 26.013745 5.130231
  80.000000 26.025646 5.133013
  80.000000 26.037554 5.135799
  80.000000 26.049577 5.138608
  80.000000 26.061502 5.141400
  80.000000 26.073326 5.144173
  80.000000 26.085267 5.146971
  80.000000 26.097215 5.149771
  80.000000 26.109064 5.152553
  80.000000 26.120920 5.155339
  80.000000 26.132784 5.158127
  80.000000 26.144657 5.160918
  80.000000 26.156538 5.163712
  80.000000 26.168426 5.166510
  80.000000 26.180322 5.169310
  80.000000 26.192118 5.172092
  80.000000 26.203921 5.174876
  80.000000 26.215731 5.177664
  80.000000 26.227551 5.180455
  80.000000 26.239377 5.183249
  80.000000 26.251213 5.186046
  80.000000 26.263055 5.188845
  80.000000 26.274795 5.191627
  80.000000 26.286543 5.194411
  80.000000 26.298409 5.197220
  80.000000 26.310173 5.200010
  80.000000 26.321945 5.202803
  80.000000 26.333613 5.205577
  80.000000 26.345399 5.208376
  80.000000 26.357084 5.211156
  80.000000 26.368886 5.213961
  80.000000 26.380586 5.216748
  80.000000 26.392291 5.219537
  80.000000 26.404005 5.222329
  80.000000 26.415729 5.225124
  80.000000 26.427457 5.227922
  80.000000 26.439507 5.230701
  80.000000 26.451995 5.233483
  80.000000 26.464603 5.236290
  80.000000 26.477110 5.239078
  80.000000 26.489625 5.241869
  80.000000 26.502149 5.244663
  80.000000 26.514571 5.247438
  80.000000 26.527113 5.250237
  80.000000 26.539663 5.253040
  80.000000 26.552113 5.255824
  80.000000 26.564569 5.258610
  80.000000 26.577035 5.261400
  80.000000 26.589510 5.264192
  80.000000 26.601994 5.266987
  80.000000 26.614485 5.269786
  80.000000 26.626874 5.272565
  80.000000 26.639384 5.275369
  80.000000 26.651790 5.278154
  80.000000 26.664205 5.280941
  80.000000 26.676627 5.283732
  80.000000 26.689058 5.286526
  80.000000 26.701500 5.289322
  80.000000 26.713834 5.292099
  80.000000 26.726292 5.294902
  80.000000 26.738643 5.297685
  80.000000 26.751004 5.300470
  80.000000 26.763372 5.303259
  80.000000 26.775749 5.306051
  80.000000 26.788133 5.308845
  80.000000 26.800529 5.311643
  80.000000 26.812931 5.314443
  80.000000 26.825226 5.317224
  80.000000 26.837531 5.320007
  80.000000 26.849959 5.322816
  80.000000 26.862279 5.325606
  80.000000 26.874609 5.328398
  80.000000 26.886831 5.331170
  80.000000 26.899175 5.333968
  80.000000 26.911530 5.336770
  80.000000 26.923775 5.339551
  80.000000 26.936028 5.342334
  80.000000 26.948407 5.345144
  80.000000 26.960676 5.347934
  80.000000 26.972953 5.350727
  80.000000 26.985125 5.353499
  80.000000 26.997417 5.356298
  80.000000 27.009718 5.359099
  80.000000 27.021035 5.361880
  80.000000 27.032289 5.364664
  80.000000 27.043668 5.367474
  80.000000 27.054941 5.370264
  80.000000 27.066107 5.373034
  80.000000 27.077398 5.375829
  80.000000 27.088697 5.378628
  80.000000 27.100007 5.381429
  80.000000 27.111208 5.384210
  80.000000 27.122418 5.386994
  80.000000 27.133639 5.389781
  80.000000 27.144870 5.392571
  80.000000 27.156108 5.395363
  80.000000 27.167356 5.398159
  80.000000 27.178614 5.400957
  80.000000 27.189762 5.403735
  80.000000 27.201040 5.406539
  80.000000 27.212207 5.409322
  80.000000 27.223387 5.412109
  80.000000 27.234691 5.414921
  80.000000 27.245768 5.417690
  80.000000 27.256973 5.420485
  80.000000 27.268189 5.423282
  80.000000 27.279413 5.426083
  80.000000 27.290528 5.428863
  80.000000 27.301654 5.431646
  80.000000 27.312908 5.434455
  80.000000 27.324052 5.437243
  80.000000 27.335205 5.440035
  80.000000 27.346369 5.442829
  80.000000 27.357421 5.445602
  80.000000 27.368605 5.448402
  80.000000 27.379797 5.451204
  80.000000 27.390879 5.453986
  80.000000 27.401970 5.456771
  80.000000 27.413072 5.459558
  80.000000 27.424182 5.462348
  80.000000 27.435303 5.465141
  80.000000 27.446435 5.467937
  80.000000 27.457576 5.470736
  80.000000 27.468605 5.473513
  80.000000 27.479765 5.476318
  80.000000 27.490815 5.479101
  80.000000 27.502708 5.481887
  80.000000 27.514667 5.484675
  80.000000 27.526634 5.487467
  80.000000 27.538607 5.490261
  80.000000 27.550590 5.493059
  80.000000 27.562577 5.495859
  80.000000 27.574453 5.498638
  80.000000 27.586455 5.501443
  80.000000 27.598347 5.504228
  80.000000 27.610241 5.507015
  80.000000 27.622146 5.509805
  80.000000 27.634055 5.512597
  80.000000 27.645974 5.515393
  80.000000 27.657775 5.518167
  80.000000 27.669710 5.520968
  80.000000 27.681648 5.523772
  80.000000 27.693472 5.526555
  80.000000 27.705301 5.529340
  80.000000 27.717140 5.532128
  80.000000 27.728983 5.534918
  80.000000 27.740837 5.537712
  80.000000 27.752694 5.540508
  80.000000 27.764561 5.543307
  80.000000 27.776308 5.546085
  80.000000 27.788189 5.548889
  80.000000 27.799949 5.551672
  80.000000 27.811720 5.554458
  80.000000 27.823495 5.557246
  80.000000 27.835279 5.560037
  80.000000 27.847067 5.562831
  80.000000 27.858864 5.565628
  80.000000 27.870665 5.568428
  80.000000 27.882350 5.571205
  80.000000 27.894167 5.574010
  80.000000 27.905866 5.576793
  80.000000 27.917568 5.579579
  80.000000 27.929281 5.582368
  80.000000 27.940996 5.585159
  80.000000 27.952722 5.587953
  80.000000 27.964452 5.590750
  80.000000 27.976065 5.593525
  80.000000 27.987806 5.596327
  80.000000 27.999428 5.599107
  80.000000 28.010823 5.601915
  80.000000 28.022074 5.604701
  80.000000 28.033336 5.607489
  80.000000 28.044606 5.610280
  80.000000 28.055885 5.613074
  80.000000 28.067168 5.615871
  80.000000 28.078337 5.618645
  80.000000 28.089642 5.621447
  80.000000 28.100822 5.624227
  80.000000 28.112142 5.627035
  80.000000 28.123345 5.629820
  80.000000 28.134551 5.632608
  80.000000 28.145768 5.635398
  80.000000 28.156996 5.638191
  80.000000 28.168228 5.640988
  80.000000 28.179471 5.643786
  80.000000 28.190597 5.646562
  80.000000 28.201854 5.649367
  80.000000 28.212996 5.652148
  80.000000 28.224149 5.654933
  80.000000 28.235308 5.657719
  80.000000 28.246471 5.660509
  80.000000 28.257650 5.663302
  80.000000 28.268835 5.666097
  80.000000 28.280026 5.668895
  80.000000 28.291232 5.671695
  80.000000 28.302316 5.674473
  80.000000 28.313534 5.677279
  80.000000 28.324638 5.680062
  80.000000 28.335750 5.682848
  80.000000 28.346866 5.685636
  80.000000 28.357999 5.688428
  80.000000 28.369139 5.691222
  80.000000 28.380289 5.694018
  80.000000 28.391446 5.696818
  80.000000 28.402485 5.699594
  80.000000 28.413664 5.702399
  80.000000 28.424720 5.705180
  80.000000 28.435788 5.707964
  80.000000 28.446867 5.710751
  80.000000 28.457953 5.713541
  80.000000 28.469052 5.716333
  80.000000 28.480162 5.719128
  80.000000 28.491281 5.721926
  80.000000 28.502412 5.724726
  80.000000 28.513422 5.727503
  80.000000 28.524553 5.730309
  80.000000 28.535530 5.733091
  80.000000 28.546514 5.735876
  80.000000 28.557507 5.738664
  80.000000 28.568506 5.741454
  80.000000 28.579516 5.744247
  80.000000 28.590540 5.747043
  80.000000 28.601568 5.749841
  80.000000 28.612469 5.752616
  80.000000 28.623516 5.755420
  80.000000 28.634443 5.758200
  80.000000 28.645505 5.761009
  80.000000 28.656445 5.763794
  80.000000 28.667395 5.766582
  80.000000 28.678354 5.769373
  80.000000 28.689325 5.772167
  80.000000 28.700304 5.774963
  80.000000 28.711158 5.777735
  80.000000 28.722155 5.780536
  80.000000 28.733032 5.783313
  80.000000 28.744048 5.786120
  80.000000 28.754941 5.788903
  80.000000 28.765842 5.791688
  80.000000 28.776889 5.794503
  80.000000 28.787817 5.797294
  80.000000 28.798616 5.800060
  80.000000 28.809558 5.802856
  80.000000 28.820512 5.805655
  80.000000 28.831483 5.808457
  80.000000 28.842321 5.811234
  80.000000 28.853307 5.814040
  80.000000 28.864170 5.816823
  80.000000 28.875043 5.819608
  80.000000 28.885930 5.822395
  80.000000 28.896825 5.825185
  80.000000 28.907733 5.827978
  80.000000 28.918651 5.830774
  80.000000 28.929585 5.833572
  80.000000 28.940392 5.836346
  80.000000 28.951346 5.839150
  80.000000 28.962173 5.841928
  80.000000 28.973153 5.844737
  80.000000 28.984013 5.847522
  80.000000 28.994692 5.850308
  80.000000 29.005091 5.853098
  80.000000 29.015505 5.855890
  80.000000 29.025922 5.858685
  80.000000 29.036352 5.861482
  80.000000 29.046658 5.864255
  80.000000 29.057109 5.867057
  80.000000 29.067442 5.869835
  80.000000 29.077920 5.872643
  80.000000 29.088268 5.875426
  80.000000 29.098632 5.878212
  80.000000 29.109008 5.881000
  80.000000 29.119395 5.883791
  80.000000 29.129804 5.886584
  80.000000 29.140220 5.889381
  80.000000 29.150647 5.892179
  80.000000 29.161091 5.894981
  80.000000 29.171410 5.897757
  80.000000 29.181887 5.900564
  80.000000 29.192235 5.903345
  80.000000 29.202599 5.906129
  80.000000 29.212978 5.908916
  80.000000 29.223371 5.911705
  80.000000 29.233789 5.914497
  80.000000 29.244217 5.917292
  80.000000 29.254659 5.920089
  80.000000 29.265121 5.922889
  80.000000 29.275462 5.925663
  80.000000 29.285964 5.928468
  80.000000 29.296341 5.931247
  80.000000 29.306736 5.934029
  80.000000 29.317289 5.936842
  80.000000 29.327724 5.939630
  80.000000 29.338180 5.942420
  80.000000 29.348660 5.945212
  80.000000 29.359157 5.948007
  80.000000 29.369536 5.950776
  80.000000 29.380074 5.953577
  80.000000 29.390639 5.956380
  80.000000 29.401093 5.959157
  80.000000 29.411701 5.961965
  80.000000 29.422196 5.964747
  80.000000 29.432716 5.967532
  80.000000 29.443258 5.970319
  80.000000 29.453837 5.973109
  80.000000 29.464435 5.975902
  80.000000 29.475061 5.978697
  80.000000 29.487163 5.981495
  80.000000 29.499512 5.984267
  80.000000 29.512068 5.987070
  80.000000 29.524685 5.989875
  80.000000 29.537219 5.992655
  80.000000 29.549811 5.995437
  80.000000 29.562608 5.998250
  80.000000 29.575323 6.001037
  80.000000 29.588094 6.003827
  80.000000 29.600927 6.006619
  80.000000 29.613811 6.009414
  80.000000 29.626619 6.012183
  80.000000 29.639623 6.014983
  80.000000 29.652689 6.017785
  80.000000 29.665668 6.020561
  80.000000 29.678844 6.023369
  80.000000 29.691936 6.026151
  80.000000 29.705083 6.028934
  80.000000 29.718285 6.031721
  80.000000 29.731537 6.034510
  80.000000 29.744847 6.037301
  80.000000 29.758210 6.040095
  80.000000 29.771622 6.042892
  80.000000 29.785090 6.045691
  80.000000 29.798464 6.048464
  80.000000 29.812026 6.051268
  80.000000 29.825498 6.054046
  80.000000 29.839167 6.056855
  80.000000 29.852740 6.059638
  80.000000 29.866358 6.062423
  80.000000 29.880026 6.065211
  80.000000 29.893741 6.068001
  80.000000 29.907503 6.070794
  80.000000 29.921308 6.073590
  80.000000 29.935160 6.076388
  80.000000 29.949058 6.079188
  80.000000 29.962849 6.081962
  80.000000 29.976834 6.084767
  80.000000 29.990715 6.087546
  80.000000 30.004638 6.090327
  80.000000 30.018746 6.093140
  80.000000 30.032746 6.095926
  80.000000 30.046792 6.098715
  80.000000 30.059261 6.101506
  80.000000 30.071403 6.104300
  80.000000 30.083551 6.107096
  80.000000 30.095561 6.109865
  80.000000 30.107732 6.112667
  80.000000 30.119912 6.115471
  80.000000 30.131956 6.118247
  80.000000 30.144159 6.121056
  80.000000 30.156225 6.123838
  80.000000 30.168307 6.126622
  80.000000 30.180395 6.129408
  80.000000 30.192493 6.132197
  80.000000 30.204606 6.134989
  80.000000 30.216725 6.137783
  80.000000 30.228857 6.140580
  80.000000 30.240998 6.143379
  80.000000 30.253001 6.146150
  80.000000 30.265171 6.148955
  80.000000 30.277196 6.151731
  80.000000 30.289381 6.154540
  80.000000 30.301428 6.157322
  80.000000 30.313484 6.160106
  80.000000 30.325553 6.162892
  80.000000 30.337781 6.165712
  80.000000 30.349871 6.168503
  80.000000 30.361826 6.171267
  80.000000 30.373937 6.174063
  80.000000 30.386058 6.176862
  80.000000 30.398194 6.179664
  80.000000 30.410185 6.182437
  80.000000 30.422339 6.185244
  80.000000 30.434352 6.188022
  80.000000 30.446375 6.190803
  80.000000 30.458561 6.193617
  80.000000 30.470612 6.196403
  80.000000 30.482667 6.199191
